fecha	objective	metric	first_metric_only	boost_from_average	feature_pre_filter	verbosity	seed	max_depth	min_gain_to_split	lambda_l1	lambda_l2	max_bin	num_iterations	force_row_wise	learning_rate	feature_fraction	min_data_in_leaf	num_leaves	prob_corte	ganancia	iteracion
20220522 181228	binary	custom	TRUE	TRUE	FALSE	-100	999983	-1	0	0	0	31	55	TRUE	0.0679025824818527	0.822977572930977	1603	433	0.0473598394402264	8165000	1
20220522 181255	binary	custom	TRUE	TRUE	FALSE	-100	999983	-1	0	0	0	31	21	TRUE	0.222807267547119	0.588682651529089	3843	668	0.025105007312474	12113000	2
20220522 181326	binary	custom	TRUE	TRUE	FALSE	-100	999983	-1	0	0	0	31	35	TRUE	0.260918522758875	0.355004550069571	5410	917	0.0190362348783917	12883000	3
20220522 181415	binary	custom	TRUE	TRUE	FALSE	-100	999983	-1	0	0	0	31	100	TRUE	0.109431917265989	0.736977459993214	4966	510	0.00897410176209329	11821000	4
20220522 181446	binary	custom	TRUE	TRUE	FALSE	-100	999983	-1	0	0	0	31	27	TRUE	0.175656293308595	0.612898837113753	3433	197	0.0291600599938344	11771000	5
20220522 181515	binary	custom	TRUE	TRUE	FALSE	-100	999983	-1	0	0	0	31	28	TRUE	0.187448265851592	0.697021176293492	3197	743	0.0343289842072409	10467000	6
20220522 181557	binary	custom	TRUE	TRUE	FALSE	-100	999983	-1	0	0	0	31	63	TRUE	0.0873205121151404	0.267596267238259	7604	613	0.0218267288253022	12698000	7
20220522 181650	binary	custom	TRUE	TRUE	FALSE	-100	999983	-1	0	0	0	31	52	TRUE	0.0731502823025221	0.38086701489985	2111	524	0.0436096215101619	9005000	8
20220522 181715	binary	custom	TRUE	TRUE	FALSE	-100	999983	-1	0	0	0	31	17	TRUE	0.280932717137854	0.440582149028778	6431	253	0.0295459031665814	11502000	9
20220522 181746	binary	custom	TRUE	TRUE	FALSE	-100	999983	-1	0	0	0	31	50	TRUE	0.153067659467226	0.765518574174494	5935	275	0.0378518132531705	10245000	10
20220522 181818	binary	custom	TRUE	TRUE	FALSE	-100	999983	-1	0	0	0	31	20	TRUE	0.158021625578403	0.494702687570825	4267	65	0.0118748355089338	12768000	11
20220522 181854	binary	custom	TRUE	TRUE	FALSE	-100	999983	-1	0	0	0	31	34	TRUE	0.200847621335066	0.222716274764389	933	853	0.0323830263509687	9504000	12
20220522 181918	binary	custom	TRUE	TRUE	FALSE	-100	999983	-1	0	0	0	31	24	TRUE	0.298420544812339	0.909808382568881	4412	780	0.02299816916493	11903000	13
20220522 181940	binary	custom	TRUE	TRUE	FALSE	-100	999983	-1	0	0	0	31	69	TRUE	0.238890182403731	0.553252125596628	4	95	0.0413128049811348	2910000	14
20220522 182259	binary	custom	TRUE	TRUE	FALSE	-100	999983	-1	0	0	0	31	522	TRUE	0.0146119349579094	0.952147117033601	7030	685	0.0355571853612976	10874000	15
20220522 182340	binary	custom	TRUE	TRUE	FALSE	-100	999983	-1	0	0	0	31	34	TRUE	0.116746183885611	0.67839965660125	1582	1011	0.0480992991763439	8543000	16
20220522 182601	binary	custom	TRUE	TRUE	FALSE	-100	999983	-1	0	0	0	31	120	TRUE	0.0276607250295347	0.995547753255814	534	320	0.0140460664299705	13170000	17
20220522 182636	binary	custom	TRUE	TRUE	FALSE	-100	999983	-1	0	0	0	31	52	TRUE	0.139968721403508	0.296032486818731	6097	382	0.0457585461233975	8287000	18
20220522 182656	binary	custom	TRUE	TRUE	FALSE	-100	999983	-1	0	0	0	31	20	TRUE	0.24951448782743	0.86486362259835	7272	165	0.0174017525530265	12842000	19
20220522 182830	binary	custom	TRUE	TRUE	FALSE	-100	999983	-1	0	0	0	31	153	TRUE	0.0500414665442659	0.425266976477578	2723	955	0.0166510672589842	13271000	20
20220522 183222	binary	custom	TRUE	TRUE	FALSE	-100	999983	-1	0	0	0	31	345	TRUE	0.010518367602555	0.714428094041659	2946	175	0.0192294000456859	13009000	21
20220522 183320	binary	custom	TRUE	TRUE	FALSE	-100	999983	-1	0	0	0	31	98	TRUE	0.070571059342392	0.200229431252407	1964	411	0.0160702100337322	13155000	22
20220522 183417	binary	custom	TRUE	TRUE	FALSE	-100	999983	-1	0	0	0	31	57	TRUE	0.0721817743770356	0.999634800158549	1740	825	0.017537755969033	13542000	23
20220522 183454	binary	custom	TRUE	TRUE	FALSE	-100	999983	-1	0	0	0	31	37	TRUE	0.119228980176591	0.999797708647513	2520	298	0.0160692650288072	13075000	24
20220522 183526	binary	custom	TRUE	TRUE	FALSE	-100	999983	-1	0	0	0	31	39	TRUE	0.146170961018533	0.276501925348654	5691	21	0.0195456263668627	13046000	25
20220522 184119	binary	custom	TRUE	TRUE	FALSE	-100	999983	-1	0	0	0	31	460	TRUE	0.0102253805614091	0.889357598328557	984	1024	0.0162651240078766	13627000	26
20220522 184208	binary	custom	TRUE	TRUE	FALSE	-100	999983	-1	0	0	0	31	27	TRUE	0.0871278248515037	0.702229772237875	1011	1007	0.0135751861316664	13110000	27
20220522 184440	binary	custom	TRUE	TRUE	FALSE	-100	999983	-1	0	0	0	31	305	TRUE	0.0100210335795241	0.997632132283648	1649	1024	0.0225852964978365	12815000	28
20220522 184744	binary	custom	TRUE	TRUE	FALSE	-100	999983	-1	0	0	0	31	494	TRUE	0.0104248266954789	0.993057314795386	1483	784	0.0149163865216496	13614000	29
20220522 184949	binary	custom	TRUE	TRUE	FALSE	-100	999983	-1	0	0	0	31	240	TRUE	0.0142352104478425	0.816262230345895	1181	749	0.0169100832223704	13389000	30
20220522 185241	binary	custom	TRUE	TRUE	FALSE	-100	999983	-1	0	0	0	31	59	TRUE	0.0121869877287956	0.999991722881302	12	1002	0.0147977418206473	2970000	31
20220522 185342	binary	custom	TRUE	TRUE	FALSE	-100	999983	-1	0	0	0	31	165	TRUE	0.0408738832945227	0.36345824409457	2725	502	0.0164622714598332	13818000	32
20220522 185417	binary	custom	TRUE	TRUE	FALSE	-100	999983	-1	0	0	0	31	67	TRUE	0.079013675166247	0.425590155188573	2564	681	0.0151268465859229	13777000	33
20220522 185446	binary	custom	TRUE	TRUE	FALSE	-100	999983	-1	0	0	0	31	63	TRUE	0.0663175103247623	0.981801114577606	2689	658	0.0178596186698053	13234000	34
20220522 185527	binary	custom	TRUE	TRUE	FALSE	-100	999983	-1	0	0	0	31	63	TRUE	0.0544374769476009	0.912189031318366	1293	1001	0.0166858301987585	13071000	35
20220522 185708	binary	custom	TRUE	TRUE	FALSE	-100	999983	-1	0	0	0	31	377	TRUE	0.0566753635553612	0.484005057039782	2629	504	0.00872949550762395	12716000	36
20220522 185737	binary	custom	TRUE	TRUE	FALSE	-100	999983	-1	0	0	0	31	61	TRUE	0.0634314218887629	0.203069288214869	2579	476	0.021246058841376	12733000	37
20220522 185758	binary	custom	TRUE	TRUE	FALSE	-100	999983	-1	0	0	0	31	33	TRUE	0.165999465713064	0.352200727871119	2809	675	0.015309731753603	13202000	38
20220522 185956	binary	custom	TRUE	TRUE	FALSE	-100	999983	-1	0	0	0	31	337	TRUE	0.0156649198539149	0.772197360031971	1985	753	0.0135141895340303	13693000	39
20220522 190210	binary	custom	TRUE	TRUE	FALSE	-100	999983	-1	0	0	0	31	381	TRUE	0.0172291298992442	0.36477751977134	1799	681	0.0116440999122659	13404000	40
20220522 190324	binary	custom	TRUE	TRUE	FALSE	-100	999983	-1	0	0	0	31	164	TRUE	0.033197623961594	0.487052824069515	2330	779	0.015070532318106	13929000	41
20220522 190350	binary	custom	TRUE	TRUE	FALSE	-100	999983	-1	0	0	0	31	33	TRUE	0.107852063394189	0.59739069027542	2203	626	0.0138319953496669	13261000	42
20220522 190430	binary	custom	TRUE	TRUE	FALSE	-100	999983	-1	0	0	0	31	96	TRUE	0.0528115380672484	0.772270832053433	2458	871	0.0147070744484485	13384000	43
20220522 190511	binary	custom	TRUE	TRUE	FALSE	-100	999983	-1	0	0	0	31	129	TRUE	0.0617807613731622	0.209148030902585	1935	898	0.0157361193907315	13159000	44
20220522 190758	binary	custom	TRUE	TRUE	FALSE	-100	999983	-1	0	0	0	31	284	TRUE	0.0110770277956699	0.857639050108343	872	471	0.0136769931734036	13706000	45
20220522 191148	binary	custom	TRUE	TRUE	FALSE	-100	999983	-1	0	0	0	31	511	TRUE	0.0110123875756661	0.916058793850639	754	288	0.00960952063961572	13260000	46
20220522 191208	binary	custom	TRUE	TRUE	FALSE	-100	999983	-1	0	0	0	31	28	TRUE	0.176070207264431	0.401624782476185	2744	237	0.0160780191752123	12751000	47
20220522 191220	binary	custom	TRUE	TRUE	FALSE	-100	999983	-1	0	0	0	31	24	TRUE	0.289801007561854	0.842907668533778	7998	847	0.014725413723773	12643000	48
20220522 191355	binary	custom	TRUE	TRUE	FALSE	-100	999983	-1	0	0	0	31	59	TRUE	0.014365906323054	0.998831303171648	955	711	0.0112500681659752	13098000	49
20220522 191613	binary	custom	TRUE	TRUE	FALSE	-100	999983	-1	0	0	0	31	243	TRUE	0.0126899068794741	0.997341444958519	1058	378	0.0157006507398224	13297000	50
20220522 192102	binary	custom	TRUE	TRUE	FALSE	-100	999983	-1	0	0	0	31	891	TRUE	0.0100904624675781	0.839897465135495	1652	890	0.00921566203132355	12967000	51
20220522 192337	binary	custom	TRUE	TRUE	FALSE	-100	999983	-1	0	0	0	31	421	TRUE	0.011438271099843	0.738897691196643	2392	636	0.016232762263398	13780000	52
20220522 192418	binary	custom	TRUE	TRUE	FALSE	-100	999983	-1	0	0	0	31	92	TRUE	0.0609682354239931	0.901590531119127	1636	548	0.0154081012189418	13472000	53
20220522 192505	binary	custom	TRUE	TRUE	FALSE	-100	999983	-1	0	0	0	31	132	TRUE	0.0532031140393143	0.286675374400721	2414	728	0.0146823277270455	13322000	54
20220522 192714	binary	custom	TRUE	TRUE	FALSE	-100	999983	-1	0	0	0	31	314	TRUE	0.0113340160914533	0.958890569634103	2258	780	0.0174071513619971	13364000	55
20220522 192745	binary	custom	TRUE	TRUE	FALSE	-100	999983	-1	0	0	0	31	54	TRUE	0.0772863007237637	0.83903364470294	1883	601	0.0157332732814903	13454000	56
20220522 193027	binary	custom	TRUE	TRUE	FALSE	-100	999983	-1	0	0	0	31	429	TRUE	0.01013446231851	0.46105578281997	7994	16	0.0156558666661058	13137000	57
20220522 193413	binary	custom	TRUE	TRUE	FALSE	-100	999983	-1	0	0	0	31	745	TRUE	0.0101327899355787	0.517265476091504	7191	1024	0.0149993019504662	13329000	58
20220522 193746	binary	custom	TRUE	TRUE	FALSE	-100	999983	-1	0	0	0	31	770	TRUE	0.0104926941125639	0.420980418216549	6584	212	0.0151256927193642	13345000	59
20220522 193806	binary	custom	TRUE	TRUE	FALSE	-100	999983	-1	0	0	0	31	30	TRUE	0.179526294304125	0.496534929051553	6778	798	0.0152471426690646	12922000	60
20220522 194124	binary	custom	TRUE	TRUE	FALSE	-100	999983	-1	0	0	0	31	547	TRUE	0.0101425260250109	0.44160264880568	4365	811	0.0162041478592417	13182000	61
20220522 194407	binary	custom	TRUE	TRUE	FALSE	-100	999983	-1	0	0	0	31	821	TRUE	0.0100671008181608	0.67715619351489	7996	681	0.0145989981264417	12722000	62
20220522 194421	binary	custom	TRUE	TRUE	FALSE	-100	999983	-1	0	0	0	31	31	TRUE	0.297799610306517	0.200155227039122	7977	1023	0.0169773491145049	13101000	63
20220522 194434	binary	custom	TRUE	TRUE	FALSE	-100	999983	-1	0	0	0	31	27	TRUE	0.299979081562682	0.201589119660141	7996	19	0.00949169843346812	11608000	64
20220522 194635	binary	custom	TRUE	TRUE	FALSE	-100	999983	-1	0	0	0	31	317	TRUE	0.0149355960779232	0.400255882069132	3669	284	0.0161537833797256	13455000	65
20220522 194702	binary	custom	TRUE	TRUE	FALSE	-100	999983	-1	0	0	0	31	133	TRUE	0.0625519728476927	0.878902100230819	6508	16	0.0167118792594429	12890000	66
20220522 194945	binary	custom	TRUE	TRUE	FALSE	-100	999983	-1	0	0	0	31	234	TRUE	0.0108632971907099	0.367702406711344	793	313	0.0150656634464903	13449000	67
20220522 194955	binary	custom	TRUE	TRUE	FALSE	-100	999983	-1	0	0	0	31	30	TRUE	0.298386406231851	0.999597088714233	5244	19	0.0158161041735559	12461000	68
20220522 195218	binary	custom	TRUE	TRUE	FALSE	-100	999983	-1	0	0	0	31	580	TRUE	0.018648304603386	0.40603429935007	7998	1024	0.0277563935660559	12154000	69
20220522 195426	binary	custom	TRUE	TRUE	FALSE	-100	999983	-1	0	0	0	31	717	TRUE	0.0104492127728911	0.43601229438717	5194	16	0.0170664578157399	13092000	70
20220522 195458	binary	custom	TRUE	TRUE	FALSE	-100	999983	-1	0	0	0	31	79	TRUE	0.0906886672223651	0.433349457108298	7269	104	0.0175232016524662	13233000	71
20220522 195512	binary	custom	TRUE	TRUE	FALSE	-100	999983	-1	0	0	0	31	23	TRUE	0.299950949745756	0.215217941626137	5806	646	0.0148348442212571	13300000	72
20220522 195823	binary	custom	TRUE	TRUE	FALSE	-100	999983	-1	0	0	0	31	612	TRUE	0.0102604709537962	0.412556150420813	5888	653	0.0164802695895798	13226000	73
20220522 200150	binary	custom	TRUE	TRUE	FALSE	-100	999983	-1	0	0	0	31	443	TRUE	0.0100679615613281	0.482928391352433	1673	1024	0.0158136592768666	13444000	74
20220522 200201	binary	custom	TRUE	TRUE	FALSE	-100	999983	-1	0	0	0	31	25	TRUE	0.100310942735697	0.993785120047321	714	40	0.0150314015408847	12952000	75
20220522 200418	binary	custom	TRUE	TRUE	FALSE	-100	999983	-1	0	0	0	31	379	TRUE	0.0193590981429952	0.515257715493122	2580	540	0.0160069353366739	13713000	76
20220522 200604	binary	custom	TRUE	TRUE	FALSE	-100	999983	-1	0	0	0	31	318	TRUE	0.0126310747554436	0.200138637269335	4282	32	0.0231160492635706	12677000	77
20220522 200645	binary	custom	TRUE	TRUE	FALSE	-100	999983	-1	0	0	0	31	96	TRUE	0.0561359566387188	0.359323277722365	3258	526	0.0156114323875464	13595000	78
20220522 200702	binary	custom	TRUE	TRUE	FALSE	-100	999983	-1	0	0	0	31	14	TRUE	0.21997850134866	0.479099231934032	6075	35	0.00834613902017571	11180000	79
20220522 200734	binary	custom	TRUE	TRUE	FALSE	-100	999983	-1	0	0	0	31	79	TRUE	0.0599225871467908	0.992362755504233	4039	296	0.0165838517326608	12869000	80
20220522 200945	binary	custom	TRUE	TRUE	FALSE	-100	999983	-1	0	0	0	31	528	TRUE	0.010148830603429	0.708081942597975	6982	94	0.0157117382194509	13075000	81
20220522 200958	binary	custom	TRUE	TRUE	FALSE	-100	999983	-1	0	0	0	31	25	TRUE	0.299969231013657	0.214918550315646	7221	1024	0.0170292835315474	12709000	82
20220522 201012	binary	custom	TRUE	TRUE	FALSE	-100	999983	-1	0	0	0	31	17	TRUE	0.299108368554528	0.202404134091084	4825	286	0.0175189087074622	12825000	83
20220522 201129	binary	custom	TRUE	TRUE	FALSE	-100	999983	-1	0	0	0	31	326	TRUE	0.0277293017846131	0.226330515164525	6461	1001	0.0174074135682573	13142000	84
20220522 201200	binary	custom	TRUE	TRUE	FALSE	-100	999983	-1	0	0	0	31	100	TRUE	0.0856258712075905	0.201939079618429	4016	569	0.0153591735134186	13434000	85
20220522 201308	binary	custom	TRUE	TRUE	FALSE	-100	999983	-1	0	0	0	31	233	TRUE	0.0238908145902756	0.203070209757224	5532	504	0.0153733915218357	1.3e+07	86
20220522 201321	binary	custom	TRUE	TRUE	FALSE	-100	999983	-1	0	0	0	31	19	TRUE	0.205381570584851	0.997161767438898	5764	776	0.0187550380511505	12957000	87
20220522 201629	binary	custom	TRUE	TRUE	FALSE	-100	999983	-1	0	0	0	31	447	TRUE	0.0119858967758638	0.491662023732862	1983	720	0.0162495996528354	13635000	88
20220522 201702	binary	custom	TRUE	TRUE	FALSE	-100	999983	-1	0	0	0	31	52	TRUE	0.0769991419449702	0.460283756450432	2871	581	0.0157986515904975	13279000	89
20220522 201832	binary	custom	TRUE	TRUE	FALSE	-100	999983	-1	0	0	0	31	325	TRUE	0.0199951516044263	0.200237579109062	3456	578	0.0183331446503707	13317000	90
20220522 202052	binary	custom	TRUE	TRUE	FALSE	-100	999983	-1	0	0	0	31	484	TRUE	0.0112791608017336	0.981680629943213	3363	94	0.0151656853277021	13462000	91
20220522 202108	binary	custom	TRUE	TRUE	FALSE	-100	999983	-1	0	0	0	31	25	TRUE	0.298044429224166	0.592027607358538	7998	16	0.0260687837243913	12462000	92
20220522 202126	binary	custom	TRUE	TRUE	FALSE	-100	999983	-1	0	0	0	31	49	TRUE	0.282733437804219	0.207161846328187	3618	701	0.012134011418277	12283000	93
20220522 202503	binary	custom	TRUE	TRUE	FALSE	-100	999983	-1	0	0	0	31	1083	TRUE	0.0115858812526114	0.218656302858763	4650	446	0.018188659454247	13070000	94
20220522 202658	binary	custom	TRUE	TRUE	FALSE	-100	999983	-1	0	0	0	31	519	TRUE	0.0144249919280361	0.951979819589679	6599	958	0.0154801561362859	13201000	95
20220522 202834	binary	custom	TRUE	TRUE	FALSE	-100	999983	-1	0	0	0	31	396	TRUE	0.0146702103903475	0.993421743134746	7338	555	0.00851222150168949	11486000	96
20220522 203143	binary	custom	TRUE	TRUE	FALSE	-100	999983	-1	0	0	0	31	529	TRUE	0.010043053286471	0.553603755221741	6684	591	0.0201665437902032	12955000	97
20220522 203211	binary	custom	TRUE	TRUE	FALSE	-100	999983	-1	0	0	0	31	103	TRUE	0.131360083307853	0.216576711637461	5106	304	0.0266915187983717	11861000	98
20220522 203229	binary	custom	TRUE	TRUE	FALSE	-100	999983	-1	0	0	0	31	22	TRUE	0.2367905456185	0.555197648678166	7718	1023	0.0172112266794204	12656000	99
20220522 203518	binary	custom	TRUE	TRUE	FALSE	-100	999983	-1	0	0	0	31	428	TRUE	0.0101234146338061	0.749830901999679	1756	788	0.015178834003753	13899000	100
20220522 203530	binary	custom	TRUE	TRUE	FALSE	-100	999983	-1	0	0	0	31	22	TRUE	0.296557340140276	0.780505146135341	6309	1023	0.0170709056009336	12452000	101
20220522 203727	binary	custom	TRUE	TRUE	FALSE	-100	999983	-1	0	0	0	31	764	TRUE	0.0112186175513896	0.339536250465966	3337	16	0.0165795538295427	13453000	102
20220522 203755	binary	custom	TRUE	TRUE	FALSE	-100	999983	-1	0	0	0	31	83	TRUE	0.0875653882809908	0.203967708594352	5755	1024	0.0151667151160865	13464000	103
20220522 204016	binary	custom	TRUE	TRUE	FALSE	-100	999983	-1	0	0	0	31	284	TRUE	0.0100538764925882	0.352055927470221	3942	653	0.00833689106159272	11717000	104
20220522 204037	binary	custom	TRUE	TRUE	FALSE	-100	999983	-1	0	0	0	31	53	TRUE	0.297719569530705	0.402108274946784	8000	495	0.0177342501625228	12761000	105
20220522 204046	binary	custom	TRUE	TRUE	FALSE	-100	999983	-1	0	0	0	31	40	TRUE	0.157897961201189	0.986633923968063	3675	17	0.0182366515993114	12583000	106
20220522 204209	binary	custom	TRUE	TRUE	FALSE	-100	999983	-1	0	0	0	31	400	TRUE	0.0297909378909102	0.200132702324238	7999	151	0.0183566035591529	13151000	107
20220522 204227	binary	custom	TRUE	TRUE	FALSE	-100	999983	-1	0	0	0	31	42	TRUE	0.16852898752292	0.211292228563813	4567	827	0.0167471655094298	12650000	108
20220522 204245	binary	custom	TRUE	TRUE	FALSE	-100	999983	-1	0	0	0	31	8	TRUE	0.29919037997212	0.995409707263314	934	472	0.0131766913618786	10924000	109
20220522 204338	binary	custom	TRUE	TRUE	FALSE	-100	999983	-1	0	0	0	31	112	TRUE	0.0281725895185088	0.615767227075046	5719	1024	0.0177335677749311	13032000	110
20220522 204400	binary	custom	TRUE	TRUE	FALSE	-100	999983	-1	0	0	0	31	72	TRUE	0.102770409963805	0.990672115808775	8000	164	0.0198455699271085	12815000	111
20220522 204432	binary	custom	TRUE	TRUE	FALSE	-100	999983	-1	0	0	0	31	86	TRUE	0.0931843943583876	0.355582002920026	7999	1024	0.0144080811923012	13212000	112
20220522 204458	binary	custom	TRUE	TRUE	FALSE	-100	999983	-1	0	0	0	31	68	TRUE	0.088965501419541	0.200318028967292	3628	141	0.0152104453570719	13675000	113
20220522 204605	binary	custom	TRUE	TRUE	FALSE	-100	999983	-1	0	0	0	31	65	TRUE	0.0270138254846594	0.985351517969952	824	164	0.0140095939215594	13341000	114
20220522 204734	binary	custom	TRUE	TRUE	FALSE	-100	999983	-1	0	0	0	31	177	TRUE	0.0206684874068231	0.41068147757715	2393	823	0.0155414551308242	13533000	115
20220522 204851	binary	custom	TRUE	TRUE	FALSE	-100	999983	-1	0	0	0	31	144	TRUE	0.0346606321505156	0.407649074014634	924	488	0.0136000190093025	13591000	116
20220522 204944	binary	custom	TRUE	TRUE	FALSE	-100	999983	-1	0	0	0	31	429	TRUE	0.0335832212866529	0.278395490580148	607	17	0.0111807422428552	13401000	117
20220522 204957	binary	custom	TRUE	TRUE	FALSE	-100	999983	-1	0	0	0	31	18	TRUE	0.299774830005427	0.999656421604409	5804	486	0.0168574167677664	12810000	118
20220522 205053	binary	custom	TRUE	TRUE	FALSE	-100	999983	-1	0	0	0	31	161	TRUE	0.0449272143869118	0.369376212578209	4282	130	0.0164662236733972	13327000	119
20220522 205109	binary	custom	TRUE	TRUE	FALSE	-100	999983	-1	0	0	0	31	9	TRUE	0.295303309566831	0.388689657169546	1869	1024	0.0142842713851243	11967000	120
20220522 205223	binary	custom	TRUE	TRUE	FALSE	-100	999983	-1	0	0	0	31	205	TRUE	0.034569698795062	0.444398029441258	3522	479	0.0162548413355795	13304000	121
20220522 205324	binary	custom	TRUE	TRUE	FALSE	-100	999983	-1	0	0	0	31	227	TRUE	0.0337952796868654	0.200896752050245	3304	245	0.0148753409142553	13476000	122
20220522 205336	binary	custom	TRUE	TRUE	FALSE	-100	999983	-1	0	0	0	31	72	TRUE	0.295591713562798	0.232498521862973	3686	16	0.016202622465863	13140000	123
20220522 205400	binary	custom	TRUE	TRUE	FALSE	-100	999983	-1	0	0	0	31	53	TRUE	0.0798921274502238	0.74181043648069	6410	787	0.01653562276314	13322000	124
20220522 205412	binary	custom	TRUE	TRUE	FALSE	-100	999983	-1	0	0	0	31	21	TRUE	0.299088769036253	0.998710283524939	6698	676	0.0171306176629238	12582000	125
20220522 205617	binary	custom	TRUE	TRUE	FALSE	-100	999983	-1	0	0	0	31	418	TRUE	0.0100732233715209	0.999671574424714	5501	148	0.0173029905572737	12792000	126
20220522 205641	binary	custom	TRUE	TRUE	FALSE	-100	999983	-1	0	0	0	31	139	TRUE	0.030272632796226	0.97327574682899	2391	19	0.0136148660502544	13457000	127
20220522 205923	binary	custom	TRUE	TRUE	FALSE	-100	999983	-1	0	0	0	31	509	TRUE	0.0103202501163867	0.360341812814784	7642	16	0.0307160074272593	11660000	128
20220522 205934	binary	custom	TRUE	TRUE	FALSE	-100	999983	-1	0	0	0	31	44	TRUE	0.135236828242936	0.200277889354235	3807	16	0.0152957488557639	13251000	129
20220522 205948	binary	custom	TRUE	TRUE	FALSE	-100	999983	-1	0	0	0	31	21	TRUE	0.299881783203564	0.738438383931125	3829	161	0.0152620363393376	12496000	130
20220522 210018	binary	custom	TRUE	TRUE	FALSE	-100	999983	-1	0	0	0	31	50	TRUE	0.0909465142963946	0.484856610890332	6075	919	0.0157704070302207	13301000	131
20220522 210040	binary	custom	TRUE	TRUE	FALSE	-100	999983	-1	0	0	0	31	30	TRUE	0.140182946720678	0.549303548337341	8000	230	0.0157848866099535	12930000	132
20220522 210052	binary	custom	TRUE	TRUE	FALSE	-100	999983	-1	0	0	0	31	19	TRUE	0.29817095010928	0.993271138738829	8000	239	0.0214875023068524	12929000	133
20220522 210112	binary	custom	TRUE	TRUE	FALSE	-100	999983	-1	0	0	0	31	53	TRUE	0.0995967469546376	0.992990124133585	7994	1023	0.0174751909135774	13190000	134
20220522 210350	binary	custom	TRUE	TRUE	FALSE	-100	999983	-1	0	0	0	31	658	TRUE	0.0100831877574065	0.20117870709412	6605	85	0.0165243362843351	13259000	135
20220522 210639	binary	custom	TRUE	TRUE	FALSE	-100	999983	-1	0	0	0	31	563	TRUE	0.0100218974897481	0.340757171233169	7552	321	0.0162952399225088	13184000	136
20220522 210713	binary	custom	TRUE	TRUE	FALSE	-100	999983	-1	0	0	0	31	86	TRUE	0.0863619307824815	0.37358846320401	4994	672	0.0173582746946372	13131000	137
20220522 210739	binary	custom	TRUE	TRUE	FALSE	-100	999983	-1	0	0	0	31	44	TRUE	0.0916539191002811	0.360497036889871	4076	1024	0.0163538301812586	13489000	138
20220522 210754	binary	custom	TRUE	TRUE	FALSE	-100	999983	-1	0	0	0	31	41	TRUE	0.298804846259765	0.997496542115683	7993	900	0.0499003206346504	7587000	139
20220522 210834	binary	custom	TRUE	TRUE	FALSE	-100	999983	-1	0	0	0	31	65	TRUE	0.0749479526491997	0.504664223992335	1858	794	0.0148793675006476	13228000	140
20220522 210955	binary	custom	TRUE	TRUE	FALSE	-100	999983	-1	0	0	0	31	223	TRUE	0.0312907261902069	0.390453145700592	2328	83	0.0136733083135083	13654000	141
20220522 211044	binary	custom	TRUE	TRUE	FALSE	-100	999983	-1	0	0	0	31	150	TRUE	0.0383091921051984	0.699546264948083	3316	68	0.0148494402634607	13696000	142
20220522 211359	binary	custom	TRUE	TRUE	FALSE	-100	999983	-1	0	0	0	31	948	TRUE	0.0101536044350005	0.200965290114383	7666	897	0.0158877138610273	13158000	143
20220522 211422	binary	custom	TRUE	TRUE	FALSE	-100	999983	-1	0	0	0	31	58	TRUE	0.0960906900506051	0.830436400680043	4733	81	0.0160227955150041	12930000	144
20220522 211452	binary	custom	TRUE	TRUE	FALSE	-100	999983	-1	0	0	0	31	127	TRUE	0.111840765320663	0.999355742240117	6661	317	0.0162055667656845	12960000	145
20220522 211508	binary	custom	TRUE	TRUE	FALSE	-100	999983	-1	0	0	0	31	31	TRUE	0.212679426817953	0.999943219930756	4457	1024	0.0138074581871803	12357000	146
20220522 211529	binary	custom	TRUE	TRUE	FALSE	-100	999983	-1	0	0	0	31	61	TRUE	0.111132482554248	0.999491200222622	6924	1024	0.013994871423236	12657000	147
20220522 211732	binary	custom	TRUE	TRUE	FALSE	-100	999983	-1	0	0	0	31	478	TRUE	0.0100740292903612	0.859831933433656	7991	1022	0.0156647156516551	12721000	148
20220522 211822	binary	custom	TRUE	TRUE	FALSE	-100	999983	-1	0	0	0	31	194	TRUE	0.0360493116741764	0.999928828350458	7505	813	0.018213387916963	12864000	149
20220522 211919	binary	custom	TRUE	TRUE	FALSE	-100	999983	-1	0	0	0	31	430	TRUE	0.0100678050967845	0.739576423461032	637	16	0.012768435393428	13680000	150
20220522 212015	binary	custom	TRUE	TRUE	FALSE	-100	999983	-1	0	0	0	31	54	TRUE	0.0348159062734143	0.734865837996043	831	332	0.0130389045850845	13710000	151
20220522 212033	binary	custom	TRUE	TRUE	FALSE	-100	999983	-1	0	0	0	31	38	TRUE	0.222714941185975	0.200017383067894	4019	113	0.016906749016579	12887000	152
20220522 212120	binary	custom	TRUE	TRUE	FALSE	-100	999983	-1	0	0	0	31	134	TRUE	0.0365546148789144	0.20141234721536	4712	1024	0.0227080977774124	12610000	153
20220522 212500	binary	custom	TRUE	TRUE	FALSE	-100	999983	-1	0	0	0	31	667	TRUE	0.010051335738897	0.473242322852578	6713	775	0.0159524860311152	13150000	154
20220522 212530	binary	custom	TRUE	TRUE	FALSE	-100	999983	-1	0	0	0	31	58	TRUE	0.171595085496642	0.96965932858455	7999	655	0.0177394316804229	12944000	155
20220522 212550	binary	custom	TRUE	TRUE	FALSE	-100	999983	-1	0	0	0	31	19	TRUE	0.299184341179626	0.665170256337689	5659	667	0.0155759927938609	12930000	156
20220522 212618	binary	custom	TRUE	TRUE	FALSE	-100	999983	-1	0	0	0	31	28	TRUE	0.225642036485064	0.26935667398405	3448	1024	0.016083617094671	12747000	157
20220522 212646	binary	custom	TRUE	TRUE	FALSE	-100	999983	-1	0	0	0	31	31	TRUE	0.157035850285481	0.200828700334841	6330	511	0.0155832167706697	12996000	158
20220522 212657	binary	custom	TRUE	TRUE	FALSE	-100	999983	-1	0	0	0	31	30	TRUE	0.299873309395702	0.345505306112316	3960	17	0.0499648442796789	8414000	159
20220522 212741	binary	custom	TRUE	TRUE	FALSE	-100	999983	-1	0	0	0	31	48	TRUE	0.0978203856087738	0.36867336682459	3371	85	0.0151634722929535	13538000	160
20220522 212924	binary	custom	TRUE	TRUE	FALSE	-100	999983	-1	0	0	0	31	146	TRUE	0.0331068949228659	0.686674660122858	2299	670	0.0154230549197564	13934000	161
20220522 213010	binary	custom	TRUE	TRUE	FALSE	-100	999983	-1	0	0	0	31	41	TRUE	0.0995153189382982	0.999400435123891	1776	662	0.0150041921827799	13116000	162
20220522 213141	binary	custom	TRUE	TRUE	FALSE	-100	999983	-1	0	0	0	31	132	TRUE	0.0345218685120005	0.791108959015697	2636	68	0.0141542019868995	13770000	163
20220522 213327	binary	custom	TRUE	TRUE	FALSE	-100	999983	-1	0	0	0	31	121	TRUE	0.0275462613245676	0.744746276051261	2107	61	0.0137238805803637	13440000	164
20220522 213434	binary	custom	TRUE	TRUE	FALSE	-100	999983	-1	0	0	0	31	95	TRUE	0.0747135057099225	0.382190431707086	2316	528	0.0146763563589264	13376000	165
20220522 213609	binary	custom	TRUE	TRUE	FALSE	-100	999983	-1	0	0	0	31	107	TRUE	0.0340047423351808	0.200438846678804	958	1023	0.0147738438340938	13267000	166
20220522 213808	binary	custom	TRUE	TRUE	FALSE	-100	999983	-1	0	0	0	31	173	TRUE	0.0359907605448027	0.559493767693022	2589	647	0.0155789387925468	13703000	167
20220522 213846	binary	custom	TRUE	TRUE	FALSE	-100	999983	-1	0	0	0	31	24	TRUE	0.120301381864648	0.721835539256688	2572	777	0.0161829988255303	13583000	168
20220522 213936	binary	custom	TRUE	TRUE	FALSE	-100	999983	-1	0	0	0	31	81	TRUE	0.0814928177579194	0.999772508847166	4462	789	0.0177083219031798	12895000	169
20220522 214002	binary	custom	TRUE	TRUE	FALSE	-100	999983	-1	0	0	0	31	26	TRUE	0.24951427672882	0.287740802785925	8000	704	0.0166799098433979	13135000	170
20220522 214013	binary	custom	TRUE	TRUE	FALSE	-100	999983	-1	0	0	0	31	28	TRUE	0.299723916222152	0.200901166278199	729	114	0.00856301676389747	10102000	171
20220522 214408	binary	custom	TRUE	TRUE	FALSE	-100	999983	-1	0	0	0	31	522	TRUE	0.0104976480335095	0.875672253184799	6255	517	0.0175818636499747	12959000	172
20220522 214653	binary	custom	TRUE	TRUE	FALSE	-100	999983	-1	0	0	0	31	148	TRUE	0.0183372216767979	0.739076790265335	954	534	0.0136581505995688	13620000	173
20220522 214831	binary	custom	TRUE	TRUE	FALSE	-100	999983	-1	0	0	0	31	160	TRUE	0.0381670339791221	0.747836482877025	2575	392	0.0147665597696578	13628000	174
20220522 215226	binary	custom	TRUE	TRUE	FALSE	-100	999983	-1	0	0	0	31	205	TRUE	0.0105519096194506	0.260842458257176	845	405	0.0124380867062665	13510000	175
20220522 215413	binary	custom	TRUE	TRUE	FALSE	-100	999983	-1	0	0	0	31	136	TRUE	0.0353658953406282	0.448931373987114	2207	773	0.0156031101848846	13497000	176
20220522 215659	binary	custom	TRUE	TRUE	FALSE	-100	999983	-1	0	0	0	31	1154	TRUE	0.0117443107306773	0.488732685828232	749	16	0.0114197228374122	13359000	177
20220522 215743	binary	custom	TRUE	TRUE	FALSE	-100	999983	-1	0	0	0	31	175	TRUE	0.0429108879519187	0.649515712491865	2626	40	0.0134193099609019	14038000	178
20220522 215759	binary	custom	TRUE	TRUE	FALSE	-100	999983	-1	0	0	0	31	93	TRUE	0.0640837383284685	0.707407112361619	2651	16	0.0131711554078699	13795000	179
20220522 215814	binary	custom	TRUE	TRUE	FALSE	-100	999983	-1	0	0	0	31	31	TRUE	0.299955016640633	0.616155636495838	5622	19	0.0198655953851686	12446000	180
20220522 215927	binary	custom	TRUE	TRUE	FALSE	-100	999983	-1	0	0	0	31	183	TRUE	0.0241446944439899	0.656321079084138	2441	1024	0.0142252160045901	13835000	181
20220522 220101	binary	custom	TRUE	TRUE	FALSE	-100	999983	-1	0	0	0	31	247	TRUE	0.0290031155003078	0.493062154528733	2564	693	0.014649076885775	13646000	182
20220522 220134	binary	custom	TRUE	TRUE	FALSE	-100	999983	-1	0	0	0	31	56	TRUE	0.0828831984412859	0.591766965431552	2377	1022	0.0151809132588333	13370000	183
20220522 220415	binary	custom	TRUE	TRUE	FALSE	-100	999983	-1	0	0	0	31	757	TRUE	0.0148140002921655	0.200258419194365	4236	1023	0.0150155771134617	13176000	184
20220522 220448	binary	custom	TRUE	TRUE	FALSE	-100	999983	-1	0	0	0	31	63	TRUE	0.0628353616982233	0.662806453139093	2384	781	0.0156906570755643	13935000	185
20220522 220520	binary	custom	TRUE	TRUE	FALSE	-100	999983	-1	0	0	0	31	61	TRUE	0.115289625872279	0.200840544891787	739	637	0.0127398346460447	12051000	186
20220522 220702	binary	custom	TRUE	TRUE	FALSE	-100	999983	-1	0	0	0	31	814	TRUE	0.0105157318983078	0.200842865836679	1677	18	0.0136314559421246	13928000	187
20220522 220720	binary	custom	TRUE	TRUE	FALSE	-100	999983	-1	0	0	0	31	17	TRUE	0.299779638059644	0.469663380162018	2659	664	0.0174270647993817	12309000	188
20220522 221003	binary	custom	TRUE	TRUE	FALSE	-100	999983	-1	0	0	0	31	476	TRUE	0.0103281620061078	0.652467625717469	2339	293	0.0163347487363049	13807000	189
20220522 221032	binary	custom	TRUE	TRUE	FALSE	-100	999983	-1	0	0	0	31	89	TRUE	0.0844358827983125	0.201505053113835	5860	198	0.0165046374714304	13533000	190
20220522 221102	binary	custom	TRUE	TRUE	FALSE	-100	999983	-1	0	0	0	31	162	TRUE	0.0323464116401737	0.656450613823882	2630	22	0.016817243928251	13360000	191
20220522 221602	binary	custom	TRUE	TRUE	FALSE	-100	999983	-1	0	0	0	31	1553	TRUE	0.0101276245409284	0.201451841188632	2672	58	0.0118986640923115	13485000	192
20220522 221646	binary	custom	TRUE	TRUE	FALSE	-100	999983	-1	0	0	0	31	107	TRUE	0.0436334724128439	0.646544722901065	2681	142	0.0121976107089326	13566000	193
20220522 221934	binary	custom	TRUE	TRUE	FALSE	-100	999983	-1	0	0	0	31	457	TRUE	0.0107997608632222	0.653826298376229	1757	495	0.0139382845313391	13868000	194
20220522 222149	binary	custom	TRUE	TRUE	FALSE	-100	999983	-1	0	0	0	31	527	TRUE	0.0104157540360163	0.999253024202242	6412	1023	0.0270850748957612	11727000	195
20220522 222214	binary	custom	TRUE	TRUE	FALSE	-100	999983	-1	0	0	0	31	89	TRUE	0.135842865251203	0.20007550481766	7997	945	0.0183766979801009	13193000	196
20220522 222305	binary	custom	TRUE	TRUE	FALSE	-100	999983	-1	0	0	0	31	89	TRUE	0.0335363805903124	0.20040076549792	1002	286	0.0134349010921791	13130000	197
20220522 222414	binary	custom	TRUE	TRUE	FALSE	-100	999983	-1	0	0	0	31	89	TRUE	0.0258047553323685	0.362958940091927	1247	1024	0.0117075611567218	13572000	198
20220522 222458	binary	custom	TRUE	TRUE	FALSE	-100	999983	-1	0	0	0	31	53	TRUE	0.0542332345213733	0.62557470435859	1066	1024	0.0195639040412625	13280000	199
20220522 222507	binary	custom	TRUE	TRUE	FALSE	-100	999983	-1	0	0	0	31	35	TRUE	0.18015799291036	0.999344675982734	793	17	0.0242064652130945	10105000	200
20220522 222804	binary	custom	TRUE	TRUE	FALSE	-100	999983	-1	0	0	0	31	987	TRUE	0.0105087387199056	0.955772264978971	7999	273	0.0244335664225679	12135000	201
20220522 223049	binary	custom	TRUE	TRUE	FALSE	-100	999983	-1	0	0	0	31	600	TRUE	0.0112702851655664	0.597171024075733	7574	16	0.0123038474456361	12884000	202
20220522 223244	binary	custom	TRUE	TRUE	FALSE	-100	999983	-1	0	0	0	31	157	TRUE	0.0132439086144038	0.691140752584078	1098	1024	0.0118614411099195	13677000	203
20220522 223258	binary	custom	TRUE	TRUE	FALSE	-100	999983	-1	0	0	0	31	13	TRUE	0.298740208546542	0.325151412752861	5567	1024	0.00834815451836793	10473000	204
20220522 223436	binary	custom	TRUE	TRUE	FALSE	-100	999983	-1	0	0	0	31	342	TRUE	0.0207143861178654	0.640943261769874	3568	1024	0.012368596333155	13638000	205
20220522 223741	binary	custom	TRUE	TRUE	FALSE	-100	999983	-1	0	0	0	31	596	TRUE	0.0109057778449187	0.346481534480549	3548	1024	0.0289892879998782	12220000	206
20220522 223756	binary	custom	TRUE	TRUE	FALSE	-100	999983	-1	0	0	0	31	31	TRUE	0.299858454065835	0.21133035708051	7998	1024	0.0331114700871349	11271000	207
20220522 223818	binary	custom	TRUE	TRUE	FALSE	-100	999983	-1	0	0	0	31	45	TRUE	0.291792130213388	0.343825585850836	7995	1023	0.024697044690983	12275000	208
20220522 223832	binary	custom	TRUE	TRUE	FALSE	-100	999983	-1	0	0	0	31	21	TRUE	0.299973944753088	0.201044128122362	7996	173	0.0201448052700453	12768000	209
20220522 223859	binary	custom	TRUE	TRUE	FALSE	-100	999983	-1	0	0	0	31	48	TRUE	0.0977042031149861	0.340431400782419	3661	778	0.0176598094555347	13075000	210
20220522 223933	binary	custom	TRUE	TRUE	FALSE	-100	999983	-1	0	0	0	31	92	TRUE	0.0618862950744446	0.895826518347564	3192	43	0.0120719387558294	12967000	211
20220522 223950	binary	custom	TRUE	TRUE	FALSE	-100	999983	-1	0	0	0	31	16	TRUE	0.282851512103521	0.993528779157255	2069	1018	0.0276385494207886	10012000	212
20220522 224335	binary	custom	TRUE	TRUE	FALSE	-100	999983	-1	0	0	0	31	1096	TRUE	0.0107106611033412	0.201565496958385	5132	1024	0.0380826737080982	10514000	213
20220522 224348	binary	custom	TRUE	TRUE	FALSE	-100	999983	-1	0	0	0	31	27	TRUE	0.273169423451071	0.999447649265975	7999	616	0.0289189243352333	11121000	214
20220522 224649	binary	custom	TRUE	TRUE	FALSE	-100	999983	-1	0	0	0	31	772	TRUE	0.0105024337424408	0.214776625901105	4591	521	0.03207803515592	11631000	215
20220522 224746	binary	custom	TRUE	TRUE	FALSE	-100	999983	-1	0	0	0	31	157	TRUE	0.0249354293953947	0.702079833207	4378	1024	0.0157970722531753	13483000	216
20220522 224759	binary	custom	TRUE	TRUE	FALSE	-100	999983	-1	0	0	0	31	27	TRUE	0.299427183310235	0.273314643639274	6285	16	0.0133429586289789	12679000	217
20220522 224830	binary	custom	TRUE	TRUE	FALSE	-100	999983	-1	0	0	0	31	201	TRUE	0.0280406297560897	0.999235657841542	5103	16	0.0283221060326586	11888000	218
20220522 224849	binary	custom	TRUE	TRUE	FALSE	-100	999983	-1	0	0	0	31	65	TRUE	0.29415489392707	0.9786898076748	7998	20	0.0498926163754704	7339000	219
20220522 224905	binary	custom	TRUE	TRUE	FALSE	-100	999983	-1	0	0	0	31	26	TRUE	0.199279897714677	0.722972024439494	4509	615	0.0177495171683995	12356000	220
20220522 224933	binary	custom	TRUE	TRUE	FALSE	-100	999983	-1	0	0	0	31	74	TRUE	0.0774617308592268	0.656717702438703	6098	172	0.0226401372619136	13016000	221
20220522 224947	binary	custom	TRUE	TRUE	FALSE	-100	999983	-1	0	0	0	31	33	TRUE	0.211501593693806	0.812769329310146	7997	1023	0.021256741130057	13522000	222
20220522 225003	binary	custom	TRUE	TRUE	FALSE	-100	999983	-1	0	0	0	31	26	TRUE	0.265675057221139	0.276321816292169	7993	17	0.0351529553137334	10231000	223
20220522 225233	binary	custom	TRUE	TRUE	FALSE	-100	999983	-1	0	0	0	31	355	TRUE	0.0115468347838709	0.229556675870039	1067	943	0.0186251718922531	13301000	224
20220522 225303	binary	custom	TRUE	TRUE	FALSE	-100	999983	-1	0	0	0	31	68	TRUE	0.114240513887362	0.596878667996442	5488	1024	0.0311311709619731	11612000	225
20220522 225344	binary	custom	TRUE	TRUE	FALSE	-100	999983	-1	0	0	0	31	138	TRUE	0.0415750578196898	0.664155239493978	7984	1024	0.0410708967556126	9890000	226
20220522 225359	binary	custom	TRUE	TRUE	FALSE	-100	999983	-1	0	0	0	31	27	TRUE	0.177852425329417	0.726167502431071	7994	16	0.0165517843716325	12683000	227
20220522 225436	binary	custom	TRUE	TRUE	FALSE	-100	999983	-1	0	0	0	31	125	TRUE	0.0813532233961474	0.244570603370105	4801	46	0.0138828643924234	13389000	228
20220522 225452	binary	custom	TRUE	TRUE	FALSE	-100	999983	-1	0	0	0	31	34	TRUE	0.236295254961694	0.200407807145854	5955	1024	0.0207834156307533	12680000	229
20220522 225508	binary	custom	TRUE	TRUE	FALSE	-100	999983	-1	0	0	0	31	32	TRUE	0.170093862317798	0.896436015930577	7323	935	0.0193705446828256	12844000	230
20220522 225539	binary	custom	TRUE	TRUE	FALSE	-100	999983	-1	0	0	0	31	47	TRUE	0.0809812250823101	0.999830372994705	1715	773	0.0195210974170437	13162000	231
20220522 225556	binary	custom	TRUE	TRUE	FALSE	-100	999983	-1	0	0	0	31	37	TRUE	0.299381686571012	0.202705038531193	4038	1024	0.0499073966512384	7954000	232
20220522 225627	binary	custom	TRUE	TRUE	FALSE	-100	999983	-1	0	0	0	31	40	TRUE	0.18225183008284	0.685085558125581	2572	45	0.0130606239089193	12118000	233
20220522 225650	binary	custom	TRUE	TRUE	FALSE	-100	999983	-1	0	0	0	31	30	TRUE	0.299631488989295	0.999997715261345	6639	55	0.0218086043215686	12236000	234
20220522 225723	binary	custom	TRUE	TRUE	FALSE	-100	999983	-1	0	0	0	31	24	TRUE	0.299934937339357	0.200761378579469	992	1024	0.0130505196852688	11122000	235
20220522 230049	binary	custom	TRUE	TRUE	FALSE	-100	999983	-1	0	0	0	31	298	TRUE	0.018474126936622	0.874639017905958	1963	1024	0.0217637287556487	13089000	236
20220522 230320	binary	custom	TRUE	TRUE	FALSE	-100	999983	-1	0	0	0	31	425	TRUE	0.010121335931637	0.886113557545734	1501	817	0.0132689941489793	13785000	237
20220522 230413	binary	custom	TRUE	TRUE	FALSE	-100	999983	-1	0	0	0	31	238	TRUE	0.0257769938214707	0.601024152647017	2640	18	0.0122959652941925	13833000	238
20220522 232231	binary	custom	TRUE	TRUE	FALSE	-100	999983	-1	0	0	0	31	457	TRUE	0.0104929531276943	0.583483839198607	2327	1018	0.0126025079230772	13905000	239
20220522 232749	binary	custom	TRUE	TRUE	FALSE	-100	999983	-1	0	0	0	31	495	TRUE	0.0104673120057989	0.633055132400394	2403	505	0.0147534789678436	14082000	240
20220522 232811	binary	custom	TRUE	TRUE	FALSE	-100	999983	-1	0	0	0	31	17	TRUE	0.299855160699041	0.782592479514059	7997	329	0.0207270848680308	13027000	241
20220522 232907	binary	custom	TRUE	TRUE	FALSE	-100	999983	-1	0	0	0	31	221	TRUE	0.0679757617320036	0.291698196689324	7999	35	0.0154771875710064	13245000	242
20220522 232918	binary	custom	TRUE	TRUE	FALSE	-100	999983	-1	0	0	0	31	15	TRUE	0.297341620149671	0.421273197480314	4396	783	0.0165227875722224	12486000	243
20220522 233119	binary	custom	TRUE	TRUE	FALSE	-100	999983	-1	0	0	0	31	687	TRUE	0.0105109063373025	0.644937429929164	4157	45	0.0134419872759432	13611000	244
20220522 233149	binary	custom	TRUE	TRUE	FALSE	-100	999983	-1	0	0	0	31	57	TRUE	0.0784918092336492	0.577711707976717	5785	55	0.0144691313648536	13318000	245
20220522 233200	binary	custom	TRUE	TRUE	FALSE	-100	999983	-1	0	0	0	31	21	TRUE	0.2026355360255	0.702857783067436	8000	914	0.0200095918889684	12862000	246
20220522 233212	binary	custom	TRUE	TRUE	FALSE	-100	999983	-1	0	0	0	31	19	TRUE	0.299281344912393	0.999986336505633	3649	237	0.0248196353350297	11149000	247
20220522 233233	binary	custom	TRUE	TRUE	FALSE	-100	999983	-1	0	0	0	31	51	TRUE	0.111951065003352	0.288602969811719	3783	204	0.0150978023708327	13834000	248
20220522 233248	binary	custom	TRUE	TRUE	FALSE	-100	999983	-1	0	0	0	31	48	TRUE	0.269974555032873	0.200471967164982	6992	664	0.0167635853275808	12725000	249
20220522 233304	binary	custom	TRUE	TRUE	FALSE	-100	999983	-1	0	0	0	31	34	TRUE	0.299903871708983	0.346423238506903	5749	191	0.0154816485731378	12852000	250
20220522 233518	binary	custom	TRUE	TRUE	FALSE	-100	999983	-1	0	0	0	31	714	TRUE	0.0101227393884488	0.20678305965978	7997	520	0.0154257519603454	13253000	251
20220522 233531	binary	custom	TRUE	TRUE	FALSE	-100	999983	-1	0	0	0	31	8	TRUE	0.0457941740773778	0.745581152820959	720	27	0.008333936672156	12501000	252
20220522 233553	binary	custom	TRUE	TRUE	FALSE	-100	999983	-1	0	0	0	31	67	TRUE	0.0716794247170446	0.224525004183772	2655	200	0.0185147705382521	13472000	253
20220522 233622	binary	custom	TRUE	TRUE	FALSE	-100	999983	-1	0	0	0	31	90	TRUE	0.0622874209517473	0.202273896944544	969	1023	0.0248243620847194	11513000	254
20220522 233633	binary	custom	TRUE	TRUE	FALSE	-100	999983	-1	0	0	0	31	22	TRUE	0.258558036911444	0.214475062250723	7992	631	0.0117539307077899	12289000	255
20220522 233822	binary	custom	TRUE	TRUE	FALSE	-100	999983	-1	0	0	0	31	379	TRUE	0.0100904349649456	0.655908672934248	2662	520	0.0266759611628064	11985000	256
20220522 233842	binary	custom	TRUE	TRUE	FALSE	-100	999983	-1	0	0	0	31	149	TRUE	0.0677947388572647	0.945171457019205	7947	1024	0.02280300638614	12744000	257
20220522 233900	binary	custom	TRUE	TRUE	FALSE	-100	999983	-1	0	0	0	31	60	TRUE	0.064149596769052	0.649094506219866	3913	776	0.0150932761840534	13400000	258
20220522 234129	binary	custom	TRUE	TRUE	FALSE	-100	999983	-1	0	0	0	31	696	TRUE	0.0110747615532845	0.545658696219766	5272	1024	0.0115508105252914	13239000	259
20220522 234309	binary	custom	TRUE	TRUE	FALSE	-100	999983	-1	0	0	0	31	663	TRUE	0.0101069901616413	0.996744622194715	4060	1012	0.0429455535258286	8999000	260
20220522 234458	binary	custom	TRUE	TRUE	FALSE	-100	999983	-1	0	0	0	31	809	TRUE	0.0102712070473784	0.213779575978574	3426	18	0.0347241550783462	11238000	261
20220522 234706	binary	custom	TRUE	TRUE	FALSE	-100	999983	-1	0	0	0	31	352	TRUE	0.0100164840892153	0.991186067439678	1017	1024	0.0328314702606612	10511000	262
20220522 234902	binary	custom	TRUE	TRUE	FALSE	-100	999983	-1	0	0	0	31	982	TRUE	0.0119464426994713	0.989735865077114	3898	18	0.0499977608833794	7634000	263
20220522 234921	binary	custom	TRUE	TRUE	FALSE	-100	999983	-1	0	0	0	31	53	TRUE	0.110277944969423	0.202029135564701	2587	1023	0.0112380703853467	12973000	264
20220522 234959	binary	custom	TRUE	TRUE	FALSE	-100	999983	-1	0	0	0	31	76	TRUE	0.0509146259415157	0.69322770853839	2644	237	0.0137904165431801	14235000	265
20220522 235028	binary	custom	TRUE	TRUE	FALSE	-100	999983	-1	0	0	0	31	68	TRUE	0.0524295430022841	0.704358604439483	2637	259	0.0136440325141899	13964000	266
20220522 235054	binary	custom	TRUE	TRUE	FALSE	-100	999983	-1	0	0	0	31	44	TRUE	0.0831642633945568	0.606664430950074	3683	217	0.0151304508116591	13124000	267
20220522 235358	binary	custom	TRUE	TRUE	FALSE	-100	999983	-1	0	0	0	31	575	TRUE	0.0100142903041547	0.401223021898197	2651	212	0.0140404102847093	14253000	268
20220522 235408	binary	custom	TRUE	TRUE	FALSE	-100	999983	-1	0	0	0	31	13	TRUE	0.289422768297052	0.681631110688113	3921	1024	0.0200580530499527	12580000	269
20220522 235602	binary	custom	TRUE	TRUE	FALSE	-100	999983	-1	0	0	0	31	565	TRUE	0.0117344303198668	0.702174215255196	2606	227	0.0137670256361612	13840000	270
20220522 235831	binary	custom	TRUE	TRUE	FALSE	-100	999983	-1	0	0	0	31	546	TRUE	0.0100279405659336	0.42440782505816	2647	227	0.0135101027931799	14051000	271
20220523 000024	binary	custom	TRUE	TRUE	FALSE	-100	999983	-1	0	0	0	31	430	TRUE	0.0100233430745014	0.262446274045308	1522	184	0.0141212654252891	13486000	272
20220523 000133	binary	custom	TRUE	TRUE	FALSE	-100	999983	-1	0	0	0	31	61	TRUE	0.0252696473142543	0.597689411307511	621	431	0.0138982152343542	13226000	273
20220523 000206	binary	custom	TRUE	TRUE	FALSE	-100	999983	-1	0	0	0	31	57	TRUE	0.0530187313922008	0.794440989792283	765	239	0.0152808236213196	13667000	274
20220523 000259	binary	custom	TRUE	TRUE	FALSE	-100	999983	-1	0	0	0	31	184	TRUE	0.0399041215531144	0.999962342063381	936	306	0.00836514054646761	12771000	275
20220523 000314	binary	custom	TRUE	TRUE	FALSE	-100	999983	-1	0	0	0	31	45	TRUE	0.113032679714939	0.679091840097995	6668	478	0.015349995521367	13170000	276
20220523 000338	binary	custom	TRUE	TRUE	FALSE	-100	999983	-1	0	0	0	31	101	TRUE	0.133973428947266	0.426905807514096	5348	1024	0.0189207414969103	12969000	277
20220523 000347	binary	custom	TRUE	TRUE	FALSE	-100	999983	-1	0	0	0	31	14	TRUE	0.299738693349244	0.801760462099046	6058	219	0.015140871709707	12469000	278
20220523 000405	binary	custom	TRUE	TRUE	FALSE	-100	999983	-1	0	0	0	31	97	TRUE	0.0960580315713359	0.790594933798994	7512	37	0.0259333982753691	11897000	279
20220523 000417	binary	custom	TRUE	TRUE	FALSE	-100	999983	-1	0	0	0	31	12	TRUE	0.299618908308254	0.745369409181527	2321	791	0.0159028052686464	12030000	280
20220523 000430	binary	custom	TRUE	TRUE	FALSE	-100	999983	-1	0	0	0	31	20	TRUE	0.299618313550341	0.48573211176953	3941	1023	0.0322950246325721	11246000	281
20220523 000501	binary	custom	TRUE	TRUE	FALSE	-100	999983	-1	0	0	0	31	110	TRUE	0.0555912990911982	0.335960906544405	2699	195	0.0140820993686235	14030000	282
20220523 000510	binary	custom	TRUE	TRUE	FALSE	-100	999983	-1	0	0	0	31	27	TRUE	0.251266533328395	0.970230506842876	8000	1019	0.0188318338669809	12772000	283
20220523 000524	binary	custom	TRUE	TRUE	FALSE	-100	999983	-1	0	0	0	31	28	TRUE	0.299612093946093	0.542623597481975	8000	722	0.0258136711477161	12036000	284
20220523 000551	binary	custom	TRUE	TRUE	FALSE	-100	999983	-1	0	0	0	31	84	TRUE	0.0500779471046939	0.517586523978061	8000	853	0.0164788518703858	12985000	285
20220523 000601	binary	custom	TRUE	TRUE	FALSE	-100	999983	-1	0	0	0	31	10	TRUE	0.299968475978008	0.27685879188269	3815	196	0.0282423606771899	11175000	286
20220523 000859	binary	custom	TRUE	TRUE	FALSE	-100	999983	-1	0	0	0	31	767	TRUE	0.0101809340562108	0.526137522228255	5044	46	0.0386778421899833	10320000	287
20220523 000915	binary	custom	TRUE	TRUE	FALSE	-100	999983	-1	0	0	0	31	18	TRUE	0.296145871112996	0.520773216588427	7998	19	0.014534391038894	12614000	288
20220523 001201	binary	custom	TRUE	TRUE	FALSE	-100	999983	-1	0	0	0	31	609	TRUE	0.010218256499135	0.400513629564834	10	16	0.00894220417779174	12916000	289
20220523 001336	binary	custom	TRUE	TRUE	FALSE	-100	999983	-1	0	0	0	31	327	TRUE	0.0102664193784262	0.87508125948344	3834	1024	0.0152164290933354	13555000	290
20220523 001543	binary	custom	TRUE	TRUE	FALSE	-100	999983	-1	0	0	0	31	430	TRUE	0.0101266145997937	0.201124663909742	642	171	0.0499776354086333	7404000	291
20220523 001716	binary	custom	TRUE	TRUE	FALSE	-100	999983	-1	0	0	0	31	600	TRUE	0.010140067321943	0.815292146229444	5436	1024	0.0129760456549571	13269000	292
20220523 001810	binary	custom	TRUE	TRUE	FALSE	-100	999983	-1	0	0	0	31	299	TRUE	0.0175869681384992	0.999174040380948	5387	809	0.0106497861994773	12537000	293
20220523 001958	binary	custom	TRUE	TRUE	FALSE	-100	999983	-1	0	0	0	31	564	TRUE	0.013088203074219	0.411546656596404	7999	448	0.020707676413813	12970000	294
20220523 002050	binary	custom	TRUE	TRUE	FALSE	-100	999983	-1	0	0	0	31	41	TRUE	0.0100485068789732	0.209325543088834	935	16	0.00873574996763022	12500000	295
20220523 002350	binary	custom	TRUE	TRUE	FALSE	-100	999983	-1	0	0	0	31	1183	TRUE	0.0100482779800116	0.2798779212531	2689	29	0.0140332506329083	13527000	296
20220523 002400	binary	custom	TRUE	TRUE	FALSE	-100	999983	-1	0	0	0	31	12	TRUE	0.299455607513279	0.68394303021346	5130	215	0.0280381932922786	11993000	297
20220523 002440	binary	custom	TRUE	TRUE	FALSE	-100	999983	-1	0	0	0	31	281	TRUE	0.028012176112677	0.200571858801424	64	16	0.015636520256801	13093000	298
20220523 002512	binary	custom	TRUE	TRUE	FALSE	-100	999983	-1	0	0	0	31	183	TRUE	0.0288222079646926	0.678872607642831	6563	1023	0.00839075906176228	11147000	299
20220523 002522	binary	custom	TRUE	TRUE	FALSE	-100	999983	-1	0	0	0	31	30	TRUE	0.296881802844	0.809493365054553	8000	1024	0.0333625984249738	10881000	300
20220523 002539	binary	custom	TRUE	TRUE	FALSE	-100	999983	-1	0	0	0	31	115	TRUE	0.0850139017203885	0.802963591607264	7999	508	0.0159404352000752	13039000	301
20220523 002627	binary	custom	TRUE	TRUE	FALSE	-100	999983	-1	0	0	0	31	192	TRUE	0.0500215227550188	0.39644809320698	6110	16	0.0138901656308831	13267000	302
20220523 002644	binary	custom	TRUE	TRUE	FALSE	-100	999983	-1	0	0	0	31	73	TRUE	0.0712961696240092	0.68310116659715	5116	17	0.0135532015717474	13815000	303
20220523 002719	binary	custom	TRUE	TRUE	FALSE	-100	999983	-1	0	0	0	31	33	TRUE	0.156944804231246	0.248547267142114	7389	194	0.0155854199773358	12964000	304
20220523 002812	binary	custom	TRUE	TRUE	FALSE	-100	999983	-1	0	0	0	31	89	TRUE	0.0759168645017446	0.519671202164586	6833	16	0.0224293985683708	12763000	305
20220523 002837	binary	custom	TRUE	TRUE	FALSE	-100	999983	-1	0	0	0	31	106	TRUE	0.0477132533504643	0.999889455194099	3051	23	0.0196803606066681	13162000	306
20220523 002848	binary	custom	TRUE	TRUE	FALSE	-100	999983	-1	0	0	0	31	30	TRUE	0.299957184879615	0.221330723924767	4969	17	0.013040146123295	13037000	307
20220523 003502	binary	custom	TRUE	TRUE	FALSE	-100	999983	-1	0	0	0	31	602	TRUE	0.0100256835387047	0.533680277534266	3990	1023	0.0158329353397305	13515000	308
20220523 003922	binary	custom	TRUE	TRUE	FALSE	-100	999983	-1	0	0	0	31	616	TRUE	0.0110134908949664	0.62946660996615	7999	219	0.0318977626390697	11332000	309
20220523 004536	binary	custom	TRUE	TRUE	FALSE	-100	999983	-1	0	0	0	31	664	TRUE	0.0100519395149306	0.612265986988172	2399	785	0.0115359281530503	13465000	310
20220523 004635	binary	custom	TRUE	TRUE	FALSE	-100	999983	-1	0	0	0	31	43	TRUE	0.0518202296367379	0.680441917083156	2437	485	0.0158816246910233	13681000	311
20220523 004642	binary	custom	TRUE	TRUE	FALSE	-100	999983	-1	0	0	0	31	5	TRUE	0.295441351851445	0.967401710936399	141	16	0.0125023701865854	9603000	312
20220523 005232	binary	custom	TRUE	TRUE	FALSE	-100	999983	-1	0	0	0	31	607	TRUE	0.0100993818561643	0.393592500931213	2554	379	0.0151654131777203	13872000	313
20220523 005557	binary	custom	TRUE	TRUE	FALSE	-100	999983	-1	0	0	0	31	29	TRUE	0.0103418027670009	0.897979939517454	1114	578	0.00837033285826297	12251000	314
20220523 005632	binary	custom	TRUE	TRUE	FALSE	-100	999983	-1	0	0	0	31	15	TRUE	0.219970631128267	0.886196360725658	945	839	0.0152363728329254	11123000	315
20220523 005725	binary	custom	TRUE	TRUE	FALSE	-100	999983	-1	0	0	0	31	82	TRUE	0.111746006362955	0.385717208160958	4881	954	0.0139965153784734	13197000	316
20220523 005803	binary	custom	TRUE	TRUE	FALSE	-100	999983	-1	0	0	0	31	62	TRUE	0.126501806765688	0.651803035276581	6439	68	0.0150002651209889	13040000	317
20220523 005830	binary	custom	TRUE	TRUE	FALSE	-100	999983	-1	0	0	0	31	25	TRUE	0.29838648167841	0.200681401433872	3964	205	0.0135479141662534	12313000	318
20220523 005855	binary	custom	TRUE	TRUE	FALSE	-100	999983	-1	0	0	0	31	24	TRUE	0.261640825852286	0.237547133282933	5820	409	0.0158536551048842	13088000	319
20220523 005918	binary	custom	TRUE	TRUE	FALSE	-100	999983	-1	0	0	0	31	19	TRUE	0.29987541611155	0.203157047886619	6250	809	0.020301207685962	12391000	320
