fecha	objective	metric	first_metric_only	boost_from_average	feature_pre_filter	verbosity	seed	max_depth	min_gain_to_split	lambda_l1	lambda_l2	max_bin	num_iterations	force_row_wise	learning_rate	feature_fraction	min_data_in_leaf	num_leaves	prob_corte	ganancia	iteracion
20220524 174126	binary	custom	TRUE	TRUE	FALSE	-100	999983	-1	0	0	0	31	48	TRUE	0.108689819180756	0.491228533443063	4695	637	0.0381147321614359	9573000	1
20220524 174214	binary	custom	TRUE	TRUE	FALSE	-100	999983	-1	0	0	0	31	30	TRUE	0.134865884353523	0.72726077022031	1413	455	0.0199792634501743	12488000	2
20220524 174245	binary	custom	TRUE	TRUE	FALSE	-100	999983	-1	0	0	0	31	19	TRUE	0.241504875279963	0.606217939928174	4979	162	0.0356208176308428	9853000	3
20220524 174324	binary	custom	TRUE	TRUE	FALSE	-100	999983	-1	0	0	0	31	50	TRUE	0.145038381056394	0.203527628779411	5526	601	0.0472951708987239	7967000	4
20220524 174418	binary	custom	TRUE	TRUE	FALSE	-100	999983	-1	0	0	0	31	77	TRUE	0.0688507606196217	0.828588645812124	7331	827	0.026661861721368	11021000	5
20220524 174513	binary	custom	TRUE	TRUE	FALSE	-100	999983	-1	0	0	0	31	22	TRUE	0.214193993300316	0.942110513830557	368	492	0.0135863296095825	9862000	6
20220524 174650	binary	custom	TRUE	TRUE	FALSE	-100	999983	-1	0	0	0	31	141	TRUE	0.0511445085890591	0.876932090204209	3466	275	0.035394717065598	10042000	7
20220524 174734	binary	custom	TRUE	TRUE	FALSE	-100	999983	-1	0	0	0	31	31	TRUE	0.193560792435426	0.527481437716633	4330	881	0.0316339035804655	10228000	8
20220524 174906	binary	custom	TRUE	TRUE	FALSE	-100	999983	-1	0	0	0	31	81	TRUE	0.0623737660531187	0.350963853904977	5973	115	0.0309886137688106	11345000	9
20220524 174932	binary	custom	TRUE	TRUE	FALSE	-100	999983	-1	0	0	0	31	16	TRUE	0.291453743464081	0.693899043556303	3775	209	0.0153845111820071	12725000	10
20220524 175138	binary	custom	TRUE	TRUE	FALSE	-100	999983	-1	0	0	0	31	127	TRUE	0.0339926726587582	0.269853489436209	2557	542	0.0219782887463225	12917000	11
20220524 175210	binary	custom	TRUE	TRUE	FALSE	-100	999983	-1	0	0	0	31	12	TRUE	0.245085469669197	0.309023062307388	863	740	0.0403654974909538	7219000	12
20220524 175251	binary	custom	TRUE	TRUE	FALSE	-100	999983	-1	0	0	0	31	51	TRUE	0.261170570463873	0.590622018929571	7850	256	0.04812311627223	7355000	13
20220524 175351	binary	custom	TRUE	TRUE	FALSE	-100	999983	-1	0	0	0	31	42	TRUE	0.122890012919554	0.660409629242495	681	711	0.024831801316274	10760000	14
20220524 175428	binary	custom	TRUE	TRUE	FALSE	-100	999983	-1	0	0	0	31	44	TRUE	0.20091041319049	0.377867908664048	7002	417	0.0185078753808436	13269000	15
20220524 175518	binary	custom	TRUE	TRUE	FALSE	-100	999983	-1	0	0	0	31	106	TRUE	0.171967085746117	0.912565454142168	6414	800	0.0448042152168152	8527000	16
20220524 175617	binary	custom	TRUE	TRUE	FALSE	-100	999983	-1	0	0	0	31	102	TRUE	0.0907484731971053	0.995532052228227	6165	349	0.0111821965270792	12934000	17
20220524 180226	binary	custom	TRUE	TRUE	FALSE	-100	999983	-1	0	0	0	31	625	TRUE	0.0132560834881151	0.414058219278231	3003	965	0.042009007865272	9216000	18
20220524 180314	binary	custom	TRUE	TRUE	FALSE	-100	999983	-1	0	0	0	31	32	TRUE	0.284398264670046	0.766165339834988	1630	984	0.00993791764388637	11800000	19
20220524 180355	binary	custom	TRUE	TRUE	FALSE	-100	999983	-1	0	0	0	31	34	TRUE	0.158313290751772	0.461386234713718	2208	51	0.0279948010094813	11326000	20
20220524 180627	binary	custom	TRUE	TRUE	FALSE	-100	999983	-1	0	0	0	31	220	TRUE	0.0345308366504831	0.545943284452488	5232	323	0.010677774597672	13401000	21
20220524 180746	binary	custom	TRUE	TRUE	FALSE	-100	999983	-1	0	0	0	31	95	TRUE	0.0653028742498934	0.57018345043923	5105	108	0.0191605486937163	13260000	22
20220524 180915	binary	custom	TRUE	TRUE	FALSE	-100	999983	-1	0	0	0	31	155	TRUE	0.105998951256676	0.515025523925427	7826	990	0.00834073122345102	11506000	23
20220524 181012	binary	custom	TRUE	TRUE	FALSE	-100	999983	-1	0	0	0	31	55	TRUE	0.0971446595358536	0.526523255645834	4739	381	0.0186084600763019	13308000	24
20220524 181052	binary	custom	TRUE	TRUE	FALSE	-100	999983	-1	0	0	0	31	50	TRUE	0.143557159240324	0.223230339334644	6367	134	0.0182215283940085	13372000	25
20220524 181108	binary	custom	TRUE	TRUE	FALSE	-100	999983	-1	0	0	0	31	11	TRUE	0.298922555259075	0.462275145404719	6234	16	0.0105287602319825	12203000	26
20220524 181137	binary	custom	TRUE	TRUE	FALSE	-100	999983	-1	0	0	0	31	21	TRUE	0.299826200839127	0.351470943066323	6793	428	0.0196375959468896	12235000	27
20220524 181312	binary	custom	TRUE	TRUE	FALSE	-100	999983	-1	0	0	0	31	114	TRUE	0.0572990058234685	0.423332009334455	6856	277	0.015323783117183	13562000	28
20220524 181349	binary	custom	TRUE	TRUE	FALSE	-100	999983	-1	0	0	0	31	54	TRUE	0.128785168729296	0.736311194070359	6041	250	0.0116086510746411	13061000	29
20220524 181859	binary	custom	TRUE	TRUE	FALSE	-100	999983	-1	0	0	0	31	441	TRUE	0.0138642871717882	0.452591499735371	3171	296	0.016177279862575	14079000	30
20220524 182518	binary	custom	TRUE	TRUE	FALSE	-100	999983	-1	0	0	0	31	730	TRUE	0.0100186049012194	0.200426611632895	2904	183	0.0152451213652595	14198000	31
20220524 183052	binary	custom	TRUE	TRUE	FALSE	-100	999983	-1	0	0	0	31	314	TRUE	0.0100380848676928	0.300577223120093	1020	173	0.0148836216596298	13958000	32
20220524 183545	binary	custom	TRUE	TRUE	FALSE	-100	999983	-1	0	0	0	31	469	TRUE	0.0100368978836377	0.320454262289323	5272	394	0.015786563693794	13425000	33
20220524 184031	binary	custom	TRUE	TRUE	FALSE	-100	999983	-1	0	0	0	31	448	TRUE	0.0101188323209423	0.248137895055198	2118	214	0.0172822451490331	13530000	34
20220524 184316	binary	custom	TRUE	TRUE	FALSE	-100	999983	-1	0	0	0	31	282	TRUE	0.0232771055707826	0.371761811298967	3053	98	0.0122548423171668	13749000	35
20220524 184434	binary	custom	TRUE	TRUE	FALSE	-100	999983	-1	0	0	0	31	85	TRUE	0.0525205820675277	0.520353956293813	3348	85	0.0152516073846105	13923000	36
20220524 184959	binary	custom	TRUE	TRUE	FALSE	-100	999983	-1	0	0	0	31	529	TRUE	0.0105399961063528	0.431597708062736	3102	228	0.0146388092558896	14172000	37
20220524 185421	binary	custom	TRUE	TRUE	FALSE	-100	999983	-1	0	0	0	31	629	TRUE	0.0126331942541498	0.200284750501266	2901	728	0.0143604745208864	13967000	38
20220524 185532	binary	custom	TRUE	TRUE	FALSE	-100	999983	-1	0	0	0	31	110	TRUE	0.0396553485304604	0.21004187708038	3163	341	0.0146345617635474	14208000	39
20220524 185927	binary	custom	TRUE	TRUE	FALSE	-100	999983	-1	0	0	0	31	898	TRUE	0.0101607631965147	0.216502989494297	2919	402	0.0147933126166118	13968000	40
20220524 185949	binary	custom	TRUE	TRUE	FALSE	-100	999983	-1	0	0	0	31	68	TRUE	0.112208836058799	0.20796939677652	3237	1021	0.0149211505523327	13026000	41
20220524 190037	binary	custom	TRUE	TRUE	FALSE	-100	999983	-1	0	0	0	31	137	TRUE	0.0224630531401442	0.709726107848749	2932	873	0.0155642706173777	13863000	42
20220524 190142	binary	custom	TRUE	TRUE	FALSE	-100	999983	-1	0	0	0	31	168	TRUE	0.0207779678385147	0.201405739784759	1276	1021	0.0154099217329133	13544000	43
20220524 190153	binary	custom	TRUE	TRUE	FALSE	-100	999983	-1	0	0	0	31	32	TRUE	0.184574478872807	0.869034495528366	7998	156	0.0204586854613087	12723000	44
20220524 190238	binary	custom	TRUE	TRUE	FALSE	-100	999983	-1	0	0	0	31	116	TRUE	0.0244696148922229	0.841448389120947	3229	243	0.015580661552099	13809000	45
20220524 190319	binary	custom	TRUE	TRUE	FALSE	-100	999983	-1	0	0	0	31	119	TRUE	0.038308069342534	0.299722319764538	2745	700	0.0155146915768863	14123000	46
20220524 190432	binary	custom	TRUE	TRUE	FALSE	-100	999983	-1	0	0	0	31	205	TRUE	0.0371414048658176	0.225348196103601	2990	237	0.0150460695882362	13796000	47
20220524 190552	binary	custom	TRUE	TRUE	FALSE	-100	999983	-1	0	0	0	31	149	TRUE	0.0584519204688583	0.202242339980283	3384	522	0.013966978978047	13772000	48
20220524 190700	binary	custom	TRUE	TRUE	FALSE	-100	999983	-1	0	0	0	31	90	TRUE	0.0461989735308633	0.632857192234096	3589	357	0.0147046497523718	13579000	49
20220524 190840	binary	custom	TRUE	TRUE	FALSE	-100	999983	-1	0	0	0	31	158	TRUE	0.0337385875048794	0.25712803102952	2164	854	0.0162383033096014	13577000	50
20220524 191318	binary	custom	TRUE	TRUE	FALSE	-100	999983	-1	0	0	0	31	339	TRUE	0.0105728095617964	0.389840639642207	1382	750	0.0137897740297949	14118000	51
20220524 191442	binary	custom	TRUE	TRUE	FALSE	-100	999983	-1	0	0	0	31	67	TRUE	0.0417408409147207	0.208820705066696	428	315	0.0142728621075536	12922000	52
20220524 191944	binary	custom	TRUE	TRUE	FALSE	-100	999983	-1	0	0	0	31	443	TRUE	0.0100707780421678	0.424827424453308	2553	660	0.0147316512074722	13843000	53
20220524 192416	binary	custom	TRUE	TRUE	FALSE	-100	999983	-1	0	0	0	31	303	TRUE	0.0104042295566797	0.695214050326352	1142	952	0.012311895099846	13682000	54
20220524 192439	binary	custom	TRUE	TRUE	FALSE	-100	999983	-1	0	0	0	31	49	TRUE	0.0576638721453423	0.483829607301613	2754	757	0.0144155681092899	13742000	55
20220524 192536	binary	custom	TRUE	TRUE	FALSE	-100	999983	-1	0	0	0	31	204	TRUE	0.0145746653573624	0.981232369498066	2244	1021	0.0166193768069601	13749000	56
20220524 192549	binary	custom	TRUE	TRUE	FALSE	-100	999983	-1	0	0	0	31	73	TRUE	0.147681802489676	0.200364273963383	7883	340	0.0133151987607022	13121000	57
20220524 192715	binary	custom	TRUE	TRUE	FALSE	-100	999983	-1	0	0	0	31	500	TRUE	0.0102164882925523	0.932817524143184	3372	152	0.0146303604004152	13712000	58
20220524 192748	binary	custom	TRUE	TRUE	FALSE	-100	999983	-1	0	0	0	31	127	TRUE	0.0438929504886445	0.341627614751594	1956	337	0.01512667306176	13717000	59
20220524 192945	binary	custom	TRUE	TRUE	FALSE	-100	999983	-1	0	0	0	31	868	TRUE	0.0100088063583302	0.725023059122625	1408	35	0.00853405065043369	12793000	60
20220524 193126	binary	custom	TRUE	TRUE	FALSE	-100	999983	-1	0	0	0	31	510	TRUE	0.0110243083055623	0.203838970967428	1348	705	0.00957198906634373	12996000	61
20220524 193145	binary	custom	TRUE	TRUE	FALSE	-100	999983	-1	0	0	0	31	80	TRUE	0.0891512659890538	0.347424839010398	4199	16	0.0148090442834508	13520000	62
20220524 193302	binary	custom	TRUE	TRUE	FALSE	-100	999983	-1	0	0	0	31	354	TRUE	0.0157525988302738	0.40569139614224	4021	25	0.0150031923525062	14156000	63
20220524 193406	binary	custom	TRUE	TRUE	FALSE	-100	999983	-1	0	0	0	31	111	TRUE	0.0168576274569981	0.996783930511889	818	772	0.0145145697209283	13039000	64
20220524 193528	binary	custom	TRUE	TRUE	FALSE	-100	999983	-1	0	0	0	31	433	TRUE	0.0100353142803469	0.876179240547224	3644	954	0.0120166343529764	13681000	65
20220524 193715	binary	custom	TRUE	TRUE	FALSE	-100	999983	-1	0	0	0	31	371	TRUE	0.010224022049328	0.739119427166824	1164	99	0.017045480923732	13558000	66
20220524 193913	binary	custom	TRUE	TRUE	FALSE	-100	999983	-1	0	0	0	31	395	TRUE	0.0105935439705052	0.350792281106168	1159	1024	0.0141853613932934	14018000	67
20220524 195545	binary	custom	TRUE	TRUE	FALSE	-100	999983	-1	0	0	0	31	247	TRUE	0.0227397846434121	0.460467527813801	3140	1024	0.0136902076773344	14041000	68
20220524 195823	binary	custom	TRUE	TRUE	FALSE	-100	999983	-1	0	0	0	31	432	TRUE	0.0102836792886898	0.359575574893069	1282	1024	0.014629086069889	13975000	69
20220524 195859	binary	custom	TRUE	TRUE	FALSE	-100	999983	-1	0	0	0	31	139	TRUE	0.0409262422303598	0.301059412551345	3667	735	0.0138387319928733	13822000	70
20220524 200055	binary	custom	TRUE	TRUE	FALSE	-100	999983	-1	0	0	0	31	307	TRUE	0.011307541005255	0.381719195812787	1563	735	0.0156911480961991	13928000	71
20220524 200107	binary	custom	TRUE	TRUE	FALSE	-100	999983	-1	0	0	0	31	47	TRUE	0.116255541329113	0.212481031555301	3254	293	0.0155646017135837	13195000	72
20220524 200157	binary	custom	TRUE	TRUE	FALSE	-100	999983	-1	0	0	0	31	315	TRUE	0.0222522500043796	0.210946660916646	3338	339	0.0146745863302641	13970000	73
20220524 200231	binary	custom	TRUE	TRUE	FALSE	-100	999983	-1	0	0	0	31	215	TRUE	0.0400460161260358	0.20673906789259	3541	428	0.015849815797664	13653000	74
20220524 200348	binary	custom	TRUE	TRUE	FALSE	-100	999983	-1	0	0	0	31	513	TRUE	0.010028943641943	0.939178268659309	5151	22	0.0162294090238743	13461000	75
20220524 200415	binary	custom	TRUE	TRUE	FALSE	-100	999983	-1	0	0	0	31	214	TRUE	0.059493547120067	0.201731347368993	5761	16	0.0125435129310357	13446000	76
20220524 200424	binary	custom	TRUE	TRUE	FALSE	-100	999983	-1	0	0	0	31	22	TRUE	0.133734907622113	0.885030083178072	5726	18	0.0176788586930297	13236000	77
20220524 200438	binary	custom	TRUE	TRUE	FALSE	-100	999983	-1	0	0	0	31	41	TRUE	0.155109664074642	0.419960401944376	5991	636	0.0198432248583568	13105000	78
20220524 200451	binary	custom	TRUE	TRUE	FALSE	-100	999983	-1	0	0	0	31	34	TRUE	0.176222990313431	0.474455997908904	5140	17	0.0162973101697747	13089000	79
20220524 200457	binary	custom	TRUE	TRUE	FALSE	-100	999983	-1	0	0	0	31	14	TRUE	0.266610496307119	0.82849202759521	7997	1024	0.016010212793284	13016000	80
20220524 200508	binary	custom	TRUE	TRUE	FALSE	-100	999983	-1	0	0	0	31	38	TRUE	0.25594992762641	0.200599915383041	5611	1024	0.0149956854361056	13025000	81
20220524 200721	binary	custom	TRUE	TRUE	FALSE	-100	999983	-1	0	0	0	31	598	TRUE	0.0102398414355465	0.441128184989278	2557	71	0.0153590334341443	13668000	82
20220524 200932	binary	custom	TRUE	TRUE	FALSE	-100	999983	-1	0	0	0	31	659	TRUE	0.0103560597934187	0.412501039201127	3953	169	0.0148979567945306	13917000	83
20220524 200948	binary	custom	TRUE	TRUE	FALSE	-100	999983	-1	0	0	0	31	66	TRUE	0.15010925969438	0.344878294560653	6252	349	0.0205547672548079	12669000	84
20220524 200956	binary	custom	TRUE	TRUE	FALSE	-100	999983	-1	0	0	0	31	23	TRUE	0.1884955834313	0.730676249569428	6038	1024	0.0168883558646965	13476000	85
20220524 201041	binary	custom	TRUE	TRUE	FALSE	-100	999983	-1	0	0	0	31	136	TRUE	0.0442045949382402	0.533976949684706	2964	181	0.0143691665152671	13825000	86
20220524 201120	binary	custom	TRUE	TRUE	FALSE	-100	999983	-1	0	0	0	31	101	TRUE	0.0366825376565248	0.422566061157291	3154	347	0.0139542488570548	13786000	87
20220524 201206	binary	custom	TRUE	TRUE	FALSE	-100	999983	-1	0	0	0	31	227	TRUE	0.0193634038620188	0.647861194228785	6580	17	0.013464141774057	13549000	88
20220524 201218	binary	custom	TRUE	TRUE	FALSE	-100	999983	-1	0	0	0	31	44	TRUE	0.174824039604039	0.244262618631856	6483	764	0.0140906128642027	12949000	89
20220524 201238	binary	custom	TRUE	TRUE	FALSE	-100	999983	-1	0	0	0	31	53	TRUE	0.144592048194019	0.526555007132248	4561	924	0.0158404788365784	13062000	90
20220524 201246	binary	custom	TRUE	TRUE	FALSE	-100	999983	-1	0	0	0	31	19	TRUE	0.229175649106993	0.912534506892232	6773	794	0.0166614247398778	13332000	91
20220524 201306	binary	custom	TRUE	TRUE	FALSE	-100	999983	-1	0	0	0	31	52	TRUE	0.0989337387605912	0.511401639757241	6931	21	0.0164214083176754	13625000	92
20220524 201315	binary	custom	TRUE	TRUE	FALSE	-100	999983	-1	0	0	0	31	24	TRUE	0.252110356600406	0.682468065658001	6268	73	0.0162481539427791	12957000	93
20220524 201355	binary	custom	TRUE	TRUE	FALSE	-100	999983	-1	0	0	0	31	198	TRUE	0.0440586973325757	0.202702715088226	2823	841	0.0141444014123223	13905000	94
20220524 201411	binary	custom	TRUE	TRUE	FALSE	-100	999983	-1	0	0	0	31	36	TRUE	0.0782690283820838	0.897273024763007	2940	244	0.016400890472931	13500000	95
20220524 201420	binary	custom	TRUE	TRUE	FALSE	-100	999983	-1	0	0	0	31	20	TRUE	0.161947214494525	0.993167694781168	6758	569	0.0160758682344385	13210000	96
20220524 201429	binary	custom	TRUE	TRUE	FALSE	-100	999983	-1	0	0	0	31	21	TRUE	0.20710225792508	0.763605022244546	8000	1020	0.0164219285649872	13441000	97
20220524 201440	binary	custom	TRUE	TRUE	FALSE	-100	999983	-1	0	0	0	31	23	TRUE	0.238693921772007	0.357560788065439	7996	606	0.0125779680672054	12627000	98
20220524 201608	binary	custom	TRUE	TRUE	FALSE	-100	999983	-1	0	0	0	31	561	TRUE	0.0159344940026791	0.257264075691246	4839	16	0.0133595114142503	14057000	99
20220524 201655	binary	custom	TRUE	TRUE	FALSE	-100	999983	-1	0	0	0	31	263	TRUE	0.0194015459816438	0.815921907372103	5823	1004	0.0131818243970674	13606000	100
20220524 201815	binary	custom	TRUE	TRUE	FALSE	-100	999983	-1	0	0	0	31	329	TRUE	0.0161832354063154	0.372740462124581	5729	20	0.0200291026297231	12978000	101
20220524 201829	binary	custom	TRUE	TRUE	FALSE	-100	999983	-1	0	0	0	31	51	TRUE	0.0736568609509798	0.846725191043157	6452	16	0.0152295323429613	13357000	102
20220524 201853	binary	custom	TRUE	TRUE	FALSE	-100	999983	-1	0	0	0	31	90	TRUE	0.0851029536071423	0.256673435309434	2345	628	0.0174303443328283	13792000	103
20220524 201922	binary	custom	TRUE	TRUE	FALSE	-100	999983	-1	0	0	0	31	106	TRUE	0.0656388258518957	0.351777684534991	3134	39	0.0147469762747926	13838000	104
20220524 201956	binary	custom	TRUE	TRUE	FALSE	-100	999983	-1	0	0	0	31	118	TRUE	0.0532838165493225	0.366130217168175	2472	659	0.0185626645854069	12997000	105
20220524 202107	binary	custom	TRUE	TRUE	FALSE	-100	999983	-1	0	0	0	31	258	TRUE	0.014177612675427	0.623873923757164	3108	649	0.0169701664620034	13839000	106
20220524 202157	binary	custom	TRUE	TRUE	FALSE	-100	999983	-1	0	0	0	31	266	TRUE	0.0314105320709435	0.232934239199842	2871	809	0.0130150029545682	13716000	107
20220524 202221	binary	custom	TRUE	TRUE	FALSE	-100	999983	-1	0	0	0	31	55	TRUE	0.0920214298693754	0.472148492256441	2256	627	0.0143590962423463	13394000	108
20220524 202237	binary	custom	TRUE	TRUE	FALSE	-100	999983	-1	0	0	0	31	54	TRUE	0.0857629541777375	0.205329109512411	6055	344	0.0159060561870071	13341000	109
20220524 202257	binary	custom	TRUE	TRUE	FALSE	-100	999983	-1	0	0	0	31	47	TRUE	0.124563985037573	0.446201074280791	7774	245	0.0166828468781795	12866000	110
20220524 202305	binary	custom	TRUE	TRUE	FALSE	-100	999983	-1	0	0	0	31	13	TRUE	0.201768950917558	0.982603636698548	6901	125	0.0134894257349261	12842000	111
20220524 202323	binary	custom	TRUE	TRUE	FALSE	-100	999983	-1	0	0	0	31	51	TRUE	0.0895904286651417	0.308240608933286	3064	19	0.0196055898380131	12891000	112
20220524 202339	binary	custom	TRUE	TRUE	FALSE	-100	999983	-1	0	0	0	31	40	TRUE	0.15335689457827	0.454095736799671	5787	18	0.0140804820133492	13124000	113
20220524 202347	binary	custom	TRUE	TRUE	FALSE	-100	999983	-1	0	0	0	31	16	TRUE	0.274847452404683	0.979831089657702	5605	721	0.0145472329303368	12842000	114
20220524 202431	binary	custom	TRUE	TRUE	FALSE	-100	999983	-1	0	0	0	31	189	TRUE	0.0423983621776709	0.553189036243274	7996	176	0.00968460035573318	12537000	115
20220524 202443	binary	custom	TRUE	TRUE	FALSE	-100	999983	-1	0	0	0	31	37	TRUE	0.214592893227419	0.257071596695279	5994	1022	0.0173230104328533	13134000	116
20220524 202506	binary	custom	TRUE	TRUE	FALSE	-100	999983	-1	0	0	0	31	125	TRUE	0.0534014155380856	0.830181995260593	5180	18	0.0147668556122521	13778000	117
20220524 202528	binary	custom	TRUE	TRUE	FALSE	-100	999983	-1	0	0	0	31	56	TRUE	0.0791253983823588	0.382363534183958	3129	677	0.0154130126642945	13197000	118
20220524 202546	binary	custom	TRUE	TRUE	FALSE	-100	999983	-1	0	0	0	31	34	TRUE	0.0847754371943386	0.20035000873134	1317	328	0.0161092306350796	12773000	119
20220524 202602	binary	custom	TRUE	TRUE	FALSE	-100	999983	-1	0	0	0	31	54	TRUE	0.102930147938403	0.859187652845566	2527	718	0.0175887254568245	12928000	120
20220524 202640	binary	custom	TRUE	TRUE	FALSE	-100	999983	-1	0	0	0	31	140	TRUE	0.0404866358594649	0.319642167927372	2913	661	0.0143218647225254	13955000	121
