Feature	Gain	Cover	Frequency
cliente_edad	0.132987184518124	0.0110922008704263	0.025
minversion2	0.11258157866027	0.00511671833593827	0.00133333333333333
Master_mpagospesos	0.0959765836227172	0.0159822397259476	0.012
Master_cconsumos	0.0518684031537025	0.00391805423431256	0.00466666666666667
ctarjeta_visa_trx	0.0511221340944276	0.0513321518032318	0.0176666666666667
Visa_msaldopesos	0.049813092922812	0.00449816422791141	0.0146666666666667
Visa_mpagospesos	0.0475774407190084	0.0103183191765447	0.0183333333333333
mpayroll	0.0418181356562065	0.148299985032807	0.0396666666666667
mtransferencias_recibidas	0.0400978373325969	0.0165954722712697	0.0126666666666667
ctrx_quarter	0.0343308512784812	0.0469067116217011	0.0336666666666667
mrentabilidad_annual	0.0328612212142542	0.0178439514497846	0.0353333333333333
Visa_msaldototal	0.0293989845787166	0.00830940539196961	0.0136666666666667
ctarjeta_visa_debitos_automaticos	0.0287999635664463	0.000602971236070631	0.005
Visa_mconsumospesos	0.0287665222793649	0.0192598689454219	0.021
mautoservicio	0.0263834287515128	0.00225765507988262	0.011
mactivos_margen	0.0247296300576054	0.0364092013494147	0.0266666666666667
mcomisiones_otras	0.0208266728296158	0.00547288122100226	0.009
Master_msaldototal	0.0137440941559311	0.00191567905144648	0.005
mtarjeta_visa_descuentos	0.0133988898960059	0.0228007484742149	0.016
chomebanking_trx	0.0125608078408981	0.027851376819521	0.0203333333333333
numero_de_cliente	0.0125140294874078	0.0168903655946987	0.036
mtarjeta_visa_consumo	0.00995173567082793	0.0217494057508768	0.0133333333333333
Visa_mpagominimo	0.00832964822986244	0.00470785288928878	0.0116666666666667
mcaja_ahorro	0.00816963116742459	0.00673629895670644	0.0133333333333333
mcuenta_debitos_automaticos	0.00749104952214586	0.0228165341860052	0.011
Visa_mlimitecompra	0.0073525745988839	0.00390994064095097	0.00533333333333333
mtransferencias_emitidas	0.00586355194430151	0.00155062700894958	0.00866666666666667
mprestamos_personales	0.00542071901220332	0.0306778783163358	0.0146666666666667
mcuentas_saldo	0.0054132412399633	0.0186331415852587	0.0276666666666667
Master_mfinanciacion_limite	0.00379883840452041	0.0119105522149824	0.0216666666666667
Visa_mpagado	0.00373326859739043	0.00661732742816463	0.00633333333333333
mcomisiones	0.00357225307805055	0.00382106099837671	0.0156666666666667
mtarjeta_visa_debitos_automaticos	0.00269471537472105	0.0168109120385298	0.015
cliente_antiguedad	0.00203490304550839	0.00818096005000264	0.0233333333333333
Master_Fvencimiento	0.00197871517814021	0.0116492945087391	0.028
ctransferencias_emitidas	0.0019656368259454	0.0020880093880957	0.00666666666666667
cextraccion_autoservicio	0.00173968660907554	0.0044387440882927	0.00433333333333333
Visa_mfinanciacion_limite	0.00171671637734862	0.00729664996411883	0.011
Visa_cconsumos	0.00161951723834802	0.00192092902362163	0.007
Master_fechaalta	0.00159949808033223	0.0138792559853978	0.029
Visa_Fvencimiento	0.00159378211381484	0.00709373853954938	0.0256666666666667
mpagomiscuentas	0.00132537052927685	0.0156913196769148	0.00866666666666667
mcaja_ahorro_dolares	0.00125116724049145	0.0145969510452504	0.0156666666666667
cproductos	0.00111505388247386	0.00416147396691525	0.008
mpasivos_margen	0.0010310929693138	0.00780464443083906	0.02
mttarjeta_master_debitos_automaticos	0.00100455611961769	0.000982997631021646	0.003
matm	0.000606477153590075	0.000625832478542409	0.00266666666666667
ctarjeta_visa_trx2	0.000549848802967739	0.000334208455967911	0.00366666666666667
mrentabilidad	0.000532063768482696	0.0102313844100263	0.0213333333333333
cpayroll_trx	0.000490617476236585	0.0245315211193017	0.008
Visa_msaldodolares	0.000465534891555104	0.00520057470968131	0.008
mcuenta_corriente	0.000400883051152718	0.0208812631929414	0.025
Visa_fechaalta	0.000351421902221444	0.0143933595106491	0.022
Master_msaldopesos	0.00031676324633387	0.00638795137113046	0.00533333333333333
mextraccion_autoservicio	0.000294214180991148	0.00348559970813973	0.00366666666666667
Visa_mconsumosdolares	0.000219487350674291	0.00315208329395854	0.00466666666666667
Master_mpagosdolares	0.000174743437009211	0.00390498896264941	0.00366666666666667
Master_mconsumospesos	0.00014420889437473	0.000834125124591385	0.00333333333333333
ccheques_depositados	0.000131490126413039	0.00276375239756684	0.002
ccomisiones_otras	0.000131006233650474	0.0175752721919665	0.009
ctarjeta_visa_descuentos	0.000109993241898476	0.00760397617619899	0.004
Master_mpagominimo	0.000106435626094491	0.00224365913133388	0.004
Master_msaldodolares	0.000103372660640007	0.00370702921638152	0.003
ccajas_trx	0.000100636902265837	4.9874735663901e-06	0.000333333333333333
mcajeros_propios_descuentos	8.28544450024924e-05	0.00116539836884319	0.00266666666666667
ctarjeta_debito	7.71534678341055e-05	0.0012371559430735	0.00566666666666667
Visa_mpagosdolares	6.60030547024814e-05	0.00536616360478744	0.005
catm_trx	5.31098390729937e-05	0.00266399099448409	0.00133333333333333
cpagomiscuentas	5.05142158770724e-05	0.0010937839756722	0.00333333333333333
cprestamos_personales	4.80673110655975e-05	0.0015238163555915	0.00333333333333333
cinversion2	4.66544335825704e-05	0.00378357142434418	0.00166666666666667
mcheques_depositados	4.28643023910829e-05	0.000712540541716947	0.00266666666666667
mplazo_fijo_dolares	3.2635613370483e-05	0.00976342098114153	0.00366666666666667
ctarjeta_debito_trx	3.11521355855943e-05	0.00429472780612445	0.00533333333333333
ccuenta_corriente	2.77321255955329e-05	3.25736909958014e-06	0.000333333333333333
Visa_fultimo_cierre	2.76072753228243e-05	0.000148920233450035	0.00366666666666667
active_quarter	2.14774666749226e-05	0.00014832364570286	0.00166666666666667
ctarjeta_master_trx	1.94450558367886e-05	0.00355213117370478	0.00166666666666667
ccomisiones_mantenimiento	1.8501521889573e-05	0.00213618981455762	0.00333333333333333
ccuenta_debitos_automaticos	1.66142663412454e-05	0.000786958897299663	0.00333333333333333
ccajas_depositos	1.604806211929e-05	0.000261424750812457	0.000666666666666667
ctransferencias_recibidas	1.29487434860541e-05	0.00409791350833113	0.00533333333333333
Master_mpagado	1.16768956560159e-05	0.0111520863484878	0.003
ccaja_seguridad	9.14815350986484e-06	0.00923440276221081	0.00466666666666667
Master_fultimo_cierre	7.72034921809987e-06	0.00351207627235939	0.005
mtarjeta_master_consumo	6.41778449421622e-06	0.00112055883376545	0.00266666666666667
ccajas_consultas	6.23636347162299e-06	0.0017282789083036	0.00166666666666667
Master_Finiciomora	6.16484027867007e-06	0.00377712827667468	0.002
matm_other	6.05692156947327e-06	0.00644383971128589	0.00233333333333333
mcaja_ahorro_adicional	6.00188521420802e-06	0.00205463626951868	0.00366666666666667
mdescubierto_preacordado	5.80985058527275e-06	0.00126969383880447	0.00266666666666667
mcomisiones_mantenimiento	5.22233439837055e-06	0.00563961556458296	0.00366666666666667
ccaja_ahorro	5.18392197257342e-06	0.00178565871782698	0.00266666666666667
thomebanking	4.66504857190609e-06	0.000174764414657693	0.00133333333333333
tpaquete7	4.57758664343306e-06	0.00616041280435759	0.004
minversion1_pesos	4.5593646530307e-06	0.000646880094262773	0.000666666666666667
catm_trx_other	4.47588381775469e-06	0.000953812558429804	0.001
ccallcenter_trx	4.44511077567318e-06	0.00183513970557774	0.00266666666666667
tpaquete9	4.18746239555418e-06	0.000368583841960183	0.00233333333333333
Visa_delinquency	4.09354753776547e-06	0.000272437760625323	0.001
ccajeros_propios_descuentos	4.04329917199569e-06	0.000459754381483596	0.000666666666666667
cforex	3.55868456346809e-06	0.000946426802119767	0.000666666666666667
cforex_buy	3.50436683055407e-06	0.00248225843493939	0.00133333333333333
ctarjeta_master_debitos_automaticos	3.17293719533974e-06	0.00181888865534467	0.003
cmobile_app_trx	3.13550628177694e-06	3.46020893361992e-06	0.000666666666666667
cpagodeservicios	2.89566707115204e-06	0.00111981906495896	0.001
ctarjeta_master	2.71999701452605e-06	0.000393795640155834	0.000666666666666667
Master_mlimitecompra	2.16593296633992e-06	0.00192207447209621	0.00233333333333333
mprestamos_hipotecarios	2.15204908403944e-06	0.0151741377588881	0.00366666666666667
mtarjeta_master_descuentos	2.01823079210395e-06	0.000260040667239009	0.000666666666666667
mprestamos_prendarios	1.98490497035938e-06	0.000541248267747817	0.000666666666666667
mpagodeservicios	1.84658274203772e-06	4.74406576554235e-05	0.000666666666666667
tcuentas	1.80595109198541e-06	0.00176993266481142	0.00166666666666667
cseguro_vida	1.69751284048868e-06	0.000139840167938019	0.001
ctarjeta_visa	1.67409717136968e-06	7.1316099297401e-05	0.001
cliente_vip	1.34482362400431e-06	0.0026906703985378	0.00133333333333333
mcheques_emitidos	1.30872566802011e-06	0.00703051217010368	0.002
mforex_buy	1.10067583664432e-06	0.0020050956229932	0.001
tmobile_app	7.49246720820754e-07	6.09474042514847e-05	0.000666666666666667
Master_mconsumosdolares	6.75829799993333e-07	0.00131139532233206	0.000666666666666667
Visa_Finiciomora	5.83067261656478e-07	0.000616203552302991	0.000333333333333333
ccajas_otras	5.42035353946534e-07	0.000277962163164172	0.000666666666666667
cprestamos_prendarios	5.30904424296984e-07	0.00040843590347153	0.000333333333333333
cforex_sell	4.89596323789192e-07	5.59599306850946e-06	0.000333333333333333
cseguro_accidentes_personales	4.71512827217241e-07	0.00175454070093428	0.001
internet	4.20545143591147e-07	0.000919126946809	0.000666666666666667
mforex_sell	4.01822566162428e-07	0.000310607444689634	0.000666666666666667
cplazo_fijo	3.35928327712938e-07	0.00291558397922309	0.000666666666666667
Master_status	3.03701216329717e-07	9.57046064019497e-05	0.000333333333333333
cseguro_vivienda	2.92788807754616e-07	7.25331383016397e-05	0.000333333333333333
cinversion1	2.91591699983115e-07	0.000191934210021414	0.000333333333333333
Visa_status	1.46231456971231e-07	5.08292760593823e-05	0.000333333333333333
