Feature	Gain	Cover	Frequency
ctrx_quarter	0.135052104820681	0.0281244671885656	0.0227184466019417
cpayroll_trx	0.0947238646016526	0.0246022111885711	0.00640776699029126
mpasivos_margen	0.0918245595149127	0.0221098642062132	0.0240776699029126
mtarjeta_visa_consumo	0.0490921942738304	0.0156247615655718	0.0161165048543689
mcaja_ahorro	0.0468933730671682	0.026870565274714	0.0310679611650485
mactivos_margen	0.039517134568158	0.0295844457779886	0.0299029126213592
mcuentas_saldo	0.0333439172468228	0.0298461174714262	0.0333980582524272
mpayroll	0.0328305156578834	0.0393722121256879	0.014368932038835
ctarjeta_visa_trx	0.0316162196732671	0.0198437432620323	0.02
mprestamos_personales	0.0273447362022464	0.0262406294973226	0.00951456310679612
Visa_mpagominimo	0.0254784723384215	0.0187081175958253	0.0207766990291262
mrentabilidad_annual	0.0217279048364795	0.0199024763552046	0.0306796116504854
Visa_msaldopesos	0.0182960652250957	0.019457614042382	0.0190291262135922
mcuenta_corriente	0.0172176142015333	0.0138192006085939	0.0196116504854369
Master_fechaalta	0.0165465907192224	0.0342273814483133	0.0339805825242718
Visa_fechaalta	0.0128257046755915	0.0139685729931678	0.0225242718446602
cliente_edad	0.0128114520105726	0.0187314561186838	0.0236893203883495
Visa_msaldototal	0.0116180516944502	0.0126299357482	0.0141747572815534
mrentabilidad	0.0105426754720761	0.0152854991357266	0.0203883495145631
chomebanking_trx	0.0102862197895725	0.0169190643745279	0.0219417475728155
numero_de_cliente	0.0099993102707846	0.0121008708472782	0.0225242718446602
mcomisiones	0.00940170248237954	0.0127875328092159	0.0188349514563107
cliente_antiguedad	0.00859696886818882	0.01648157288975	0.0229126213592233
thomebanking	0.0085736533209473	0.00772454751453598	0.00679611650485437
mcomisiones_otras	0.00855402201786241	0.00912055315481037	0.0168932038834951
cproductos	0.0085289936114928	0.0123409773952978	0.0153398058252427
active_quarter	0.00840662716434163	0.000391398267024914	0.00058252427184466
Master_Fvencimiento	0.00808142120111566	0.0151325945919709	0.0229126213592233
mautoservicio	0.00762601562797876	0.0166004329653585	0.0188349514563107
ccomisiones_otras	0.0072315170558069	0.0201173761308812	0.0153398058252427
Visa_mconsumospesos	0.00715189659137748	0.0111319134690768	0.0194174757281553
Visa_Fvencimiento	0.00715026299221697	0.0114918434088454	0.0180582524271845
Visa_mpagospesos	0.00612190393027764	0.00779983942833551	0.0135922330097087
mcaja_ahorro_dolares	0.00598071151696875	0.0161523595987342	0.0110679611650485
Master_mlimitecompra	0.00594078591403529	0.0101046973579238	0.0122330097087379
Visa_mfinanciacion_limite	0.00588434438058338	0.0104210226466356	0.0149514563106796
mtransferencias_recibidas	0.00573993202334753	0.0102229371163206	0.0139805825242718
mcomisiones_mantenimiento	0.00552734261239548	0.00752209057234093	0.00893203883495146
Master_mfinanciacion_limite	0.0052115216290538	0.00557319255236647	0.0118446601941748
Visa_mlimitecompra	0.0050839774937668	0.0114202515047673	0.0137864077669903
mtransferencias_emitidas	0.00503075313232313	0.0103663690513614	0.0130097087378641
ccomisiones_mantenimiento	0.00488367031686578	0.00230142064245057	0.00368932038834951
ccallcenter_trx	0.00475243758489273	0.0103506713769809	0.00388349514563107
ctarjeta_master	0.00466464516587881	0.000532392720316258	0.000970873786407767
Master_mpagominimo	0.00442350404595043	0.00627457427684496	0.00699029126213592
Visa_mconsumototal	0.00432030512901471	0.00771119974771042	0.0122330097087379
cprestamos_personales	0.00430954345192793	0.0064704193673484	0.00271844660194175
ccaja_ahorro	0.00422138311232533	0.0236439159685611	0.00699029126213592
mcuenta_debitos_automaticos	0.00384492484478845	0.0112606986200723	0.0100970873786408
Master_status	0.0038368273046284	0.0147862605459126	0.00368932038834951
ctransferencias_recibidas	0.00380579989081262	0.0114658119795032	0.00932038834951456
ctransferencias_emitidas	0.00367740980475794	0.0122253794584378	0.00912621359223301
Visa_cconsumos	0.00358514562623155	0.00714640457539553	0.0118446601941748
mtarjeta_visa_debitos_automaticos	0.00354212232683793	0.00494319839217866	0.0100970873786408
ctarjeta_debito_trx	0.00346251229863388	0.00945996883949604	0.0163106796116505
mpagomiscuentas	0.00307907354153972	0.00844045195961747	0.00970873786407767
Master_msaldototal	0.00301147712310779	0.00457174514797182	0.00660194174757282
tcallcenter	0.00296030097208762	0.00600307967791408	0.00252427184466019
Visa_mpagado	0.00286662483611982	0.010713863455498	0.00640776699029126
ctarjeta_visa_debitos_automaticos	0.0028606733944378	0.00928940349983117	0.0087378640776699
Visa_mconsumosdolares	0.00285558668912542	0.00365242774240433	0.0054368932038835
Master_mpagospesos	0.00269191685137196	0.0129672277586669	0.0087378640776699
mdescubierto_preacordado	0.00259507632587139	0.00848002089987345	0.00252427184466019
mplazo_fijo_dolares	0.00209979894850118	0.0147654543768477	0.00271844660194175
ccuenta_debitos_automaticos	0.00202136435658627	0.0065411136359319	0.00524271844660194
ccajas_consultas	0.00189839163436823	0.0101794054437594	0.00174757281553398
Visa_status	0.00178048670233625	0.00889413007469561	0.00213592233009709
cpagomiscuentas	0.00166415285789935	0.00373392282832071	0.00485436893203884
Master_mconsumospesos	0.00157237251407738	0.00414106255682334	0.00640776699029126
ctarjeta_debito	0.00157056293605831	0.00386035077391177	0.00466019417475728
Visa_mpagosdolares	0.00146025503785476	0.0063045027578464	0.00466019417475728
Master_cconsumos	0.00139923338205033	0.00342916463114439	0.00427184466019417
ccaja_seguridad	0.00138072871528485	0.0103645372911245	0.00233009708737864
Master_msaldopesos	0.00124717736998472	0.00470675536463278	0.00330097087378641
mextraccion_autoservicio	0.00116357140329423	0.00469422495695674	0.00854368932038835
Master_fultimo_cierre	0.00110485355611338	0.0025733239209562	0.00349514563106796
cextraccion_autoservicio	0.00102407208822629	0.004225564356754	0.00815533980582524
ccajas_trx	0.00097960489638664	0.00518928917682862	0.00194174757281553
Visa_delinquency	0.000944795763600374	0.00212454996077515	0.000970873786407767
cmobile_app_trx	0.000796615772192951	0.000542368880650071	0.00174757281553398
Visa_fultimo_cierre	0.000753955004685254	0.00189070496766881	0.00252427184466019
cseguro_accidentes_personales	0.000598304350894886	0.00435473629377558	0.00155339805825243
catm_trx	0.000549380783686948	0.00206922496334235	0.0029126213592233
Master_mconsumototal	0.000528736846747532	0.00132503405340801	0.00233009708737864
mtarjeta_master_consumo	0.000518197616886923	0.00133339009114189	0.00135922330097087
matm	0.000501816201156089	0.00312099104037902	0.00466019417475728
Visa_Finiciomora	0.000343959723419126	0.0030909020066875	0.00058252427184466
Master_mconsumosdolares	0.000324427351070919	0.00039355113264194	0.000970873786407767
matm_other	0.000257912207235111	0.00162221708275222	0.00116504854368932
Visa_msaldodolares	0.000254749366220659	0.000853717035969356	0.00116504854368932
catm_trx_other	0.000253166626842294	0.00229566263915622	0.00194174757281553
cplazo_fijo	0.000238343564296135	0.00178962245356227	0.00058252427184466
ctarjeta_master_trx	0.000231826435689212	0.000576486327292774	0.000776699029126214
ctarjeta_visa	0.000194210378385319	0.000132441373619633	0.000194174757281553
Master_mpagado	0.000186222047505441	0.000485248612228159	0.000388349514563107
mttarjeta_master_debitos_automaticos	0.000100231723718774	0.000119640945510263	0.000194174757281553
Visa_madelantodolares	8.64753579731289e-05	6.9504719106975e-05	0.000194174757281553
mtarjeta_visa_descuentos	7.62861672158242e-05	0.00129692273694434	0.000776699029126214
ctarjeta_visa_descuentos	6.2445482893171e-05	0.00129846988104877	0.000776699029126214
ccajas_extracciones	5.2089816398712e-05	0.000699148582516424	0.000194174757281553
Visa_madelantopesos	4.96150264476733e-05	5.10703511455913e-05	0.000194174757281553
Master_madelantopesos	4.66118368132563e-05	0.000271830300010143	0.000776699029126214
cseguro_vida	1.04604898196428e-05	0.000421830299645251	0.000388349514563107
Master_madelantodolares	4.28439905031288e-06	0.000153429988923251	0.000388349514563107
Master_mpagosdolares	4.25819555389108e-06	4.78301059457281e-05	0.000194174757281553
Master_cadelantosefectivo	4.87372376300882e-13	0.000403425123082064	0.000776699029126214
