Feature	Gain	Cover	Frequency
mpasivos_margen	0.0753747858049277	0.0218781624171903	0.0304147465437788
mpayroll	0.0709897940563014	0.0314503558521318	0.015668202764977
mtarjeta_visa_consumo	0.0587384594591928	0.0108960099829098	0.0142345110087046
cpayroll_trx	0.0577345909014696	0.0123430016343816	0.00409626216077829
ctrx_quarter	0.0449086945372311	0.0166743374819702	0.0196620583717358
ctarjeta_visa_trx	0.0359057869153864	0.0208938773858227	0.0224270353302611
mrentabilidad_annual	0.0315537278890325	0.0221782035797647	0.0303123399897593
mcuentas_saldo	0.0272268957980976	0.0274371301914394	0.0306195596518177
mcaja_ahorro	0.0270328757925378	0.0192968282875354	0.027547363031234
mactivos_margen	0.0267348572846824	0.0220401249719785	0.0237583205325141
cliente_edad	0.0235788373310464	0.0280493486485387	0.0337941628264209
Visa_msaldototal	0.0216840932994125	0.0118241955108541	0.0177163338453661
mprestamos_personales	0.0204316232152566	0.0166544104350169	0.00614439324116743
Master_fechaalta	0.0188226161782572	0.0241336839222146	0.0316436251920123
mcomisiones	0.0187825341391246	0.0157444561397193	0.0229390681003584
mrentabilidad	0.018008035136581	0.0144830455582332	0.0181259600614439
mcuenta_corriente	0.0179057449156765	0.0120704818176117	0.0183307731694828
Master_Fvencimiento	0.0179015799024341	0.0174534928824904	0.0263184843830005
Visa_fechaalta	0.0148965596818779	0.0165157665557951	0.0242703533026114
Master_mfinanciacion_limite	0.0139486009009599	0.0133049117477099	0.0245775729646697
mautoservicio	0.0137856916910075	0.0160390559503013	0.020378904249872
Visa_Fvencimiento	0.0135325063863368	0.0115372391531613	0.0207885304659498
numero_de_cliente	0.0133450002255718	0.0116393714130517	0.0222222222222222
Visa_mpagominimo	0.0132813894918624	0.0121395235792067	0.0157706093189964
cliente_antiguedad	0.0126632252485123	0.0151161397352168	0.0217101894521249
Visa_mconsumospesos	0.0114848272050914	0.0129825743135567	0.0207885304659498
mcomisiones_otras	0.0114628474790976	0.0106537297302388	0.0197644649257553
chomebanking_trx	0.0114078985997808	0.0146178554225009	0.0181259600614439
mcaja_ahorro_dolares	0.0106944528887819	0.0182939777760635	0.0204813108038914
Visa_mpagospesos	0.0105228420612987	0.0110849482736822	0.0198668714797747
Visa_mfinanciacion_limite	0.010208125308004	0.0145001806558354	0.0159754224270353
Master_status	0.010164628477701	0.00965376456079004	0.0021505376344086
active_quarter	0.0101092121327489	0.000945551649524474	0.000819252432155658
ccomisiones_otras	0.00931966479408836	0.0147196976735679	0.011879160266257
Master_mlimitecompra	0.00810640452291061	0.00966384605395759	0.0142345110087046
mtransferencias_emitidas	0.0079256041150294	0.0140021273670975	0.0147465437788018
Visa_mlimitecompra	0.00770609861752643	0.01045865701554	0.0135176651305684
mtransferencias_recibidas	0.00765477955538558	0.00806787834450341	0.0117767537122376
mcomisiones_mantenimiento	0.00720251073754369	0.0138850965183281	0.00952380952380953
Visa_cconsumos	0.00713918362086673	0.0095933444174378	0.0130056323604711
thomebanking	0.00683242075006779	0.00384374253810984	0.00348182283666155
ctransferencias_recibidas	0.00666114440240666	0.0129506880891892	0.0098310291858679
Visa_msaldopesos	0.00642964034929859	0.0139444549344623	0.0185355862775218
ccomisiones_mantenimiento	0.00633544303861746	0.0164102918213294	0.00583717357910906
mtarjeta_visa_debitos_automaticos	0.00588668767048871	0.00716900828474596	0.0119815668202765
cproductos	0.00532238728350954	0.00725849321069191	0.00819252432155658
cprestamos_personales	0.00513403813047289	0.00592599114423158	0.00276497695852535
ctarjeta_debito_trx	0.00497719402682184	0.00785887537547172	0.0122887864823349
mcuenta_debitos_automaticos	0.00465102530267326	0.00836307291894363	0.00942140296979007
Visa_mpagado	0.00419952611634483	0.0100016473484252	0.00696364567332309
Visa_mconsumototal	0.00401871458318667	0.004735042876035	0.00727086533538147
Master_mpagospesos	0.00401836805044481	0.0141443889835066	0.00829493087557604
mpagomiscuentas	0.00396878857102616	0.00999027310406166	0.00890937019969278
ctarjeta_visa_debitos_automaticos	0.00395816083601323	0.00620343128019244	0.00737327188940092
ctransferencias_emitidas	0.00377885002357686	0.0112258434078384	0.00655401945724526
Master_msaldopesos	0.00376447958824128	0.00692093277100983	0.00532514080901178
ccaja_ahorro	0.00346092324494034	0.0104375404408702	0.003584229390681
mextraccion_autoservicio	0.00333407221252523	0.00885727744651615	0.00972862263184844
Master_mpagominimo	0.00332636910033546	0.0032272820875421	0.00368663594470046
ccallcenter_trx	0.00312272301319166	0.00798727555320093	0.00225294418842806
ccuenta_debitos_automaticos	0.00306035365718254	0.00926755145442227	0.00471070148489503
tcallcenter	0.00301311980818153	0.00289306412243532	0.00163850486431132
Master_msaldototal	0.00287234143467864	0.00336513950215788	0.00450588837685612
Visa_mconsumosdolares	0.00284662828767745	0.00356305332024564	0.00460829493087558
mdescubierto_preacordado	0.00271313400263654	0.00738072455666818	0.00225294418842806
mplazo_fijo_dolares	0.00225760760012441	0.0155749336939064	0.0028673835125448
ctarjeta_debito	0.00222753575213166	0.0027434736389795	0.00337941628264209
cpagomiscuentas	0.00206267350642973	0.00510998496151873	0.00471070148489503
cextraccion_autoservicio	0.00201783524353659	0.00667544767506955	0.00563236047107015
cmobile_app_trx	0.00179161032744696	0.00114034418620737	0.00225294418842806
ccajas_consultas	0.0017778865750043	0.0080912658357229	0.00174091141833077
Master_mconsumospesos	0.00175755151936424	0.00203771504780972	0.0028673835125448
Visa_mpagosdolares	0.00173873985716439	0.00546556527148468	0.003584229390681
Master_fultimo_cierre	0.00173597873311613	0.00197164710550599	0.00348182283666155
Visa_fultimo_cierre	0.00167256483489783	0.00205199921121532	0.00296979006656426
Master_mconsumototal	0.00158938550692042	0.0032388775250761	0.00327700972862263
ccaja_seguridad	0.00155179185142509	0.00795889401173364	0.00204813108038914
Master_cconsumos	0.00135405205731916	0.00357281039676323	0.00317460317460317
cseguro_accidentes_personales	0.00124174380639715	0.00755971407017523	0.0021505376344086
Visa_Finiciomora	0.000973150375094161	0.005320683744857	0.00102406554019457
Visa_status	0.000924528394486867	0.00576932739472599	0.00102406554019457
catm_trx	0.000872849409115921	0.00404386828790185	0.00204813108038914
tpaquete9	0.00087051098247649	0.00493487370159978	0.00122887864823349
matm	0.000869495677252758	0.00274058829695641	0.00337941628264209
mtarjeta_master_consumo	0.000861496406921571	0.00299572233053096	0.00184331797235023
ccajas_trx	0.000836037695513836	0.00278649816832885	0.000921658986175115
Visa_msaldodolares	0.000807682568660089	0.0024249653043766	0.00184331797235023
ctarjeta_master_trx	0.000739116933592874	0.000962052660038101	0.00112647209421403
cinversion1	0.000738454700385385	0.00626765103067219	0.000819252432155658
ctarjeta_master_debitos_automaticos	0.000718956068843897	0.00380997371409178	0.00102406554019457
ctarjeta_master	0.000678178703606909	0.000245381872460745	0.000716845878136201
ccheques_emitidos	0.000672463803650249	0.00313382551533609	0.000409626216077829
tmobile_app	0.000672010250152866	0.0053616929586536	0.000921658986175115
tpaquete7	0.000671514905426825	0.00568025536269816	0.000819252432155658
mtarjeta_visa_descuentos	0.000505695916785985	0.00453491712624299	0.00153609831029186
cplazo_fijo	0.000502361487778786	0.00236033265997872	0.000614439324116743
Master_mpagado	0.000474962726944298	0.00746263484537806	0.00112647209421403
catm_trx_other	0.000427749401884995	0.00193033313667458	0.00122887864823349
mttarjeta_master_debitos_automaticos	0.00042208675874581	0.00203184114028402	0.00112647209421403
internet	0.000305712999604025	0.00168267051685658	0.000409626216077829
tpaquete1	0.000289545628375542	0.00534028637516035	0.000716845878136201
Visa_delinquency	0.000284265017156074	0.000712350147648408	0.000307219662058372
ctarjeta_visa	0.000237382466372579	0.000273679852063648	0.000204813108038914
ccajas_extracciones	0.000232906120639796	0.00166801278276315	0.000409626216077829
matm_other	0.00020966094163173	0.00190799754186555	0.000921658986175115
minversion2	0.000197650482928107	0.00388877255220437	0.000512032770097286
minversion1_pesos	0.00019487199979806	0.00155757840587616	0.000204813108038914
ccheques_depositados	0.000144938087662348	0.00284945466003529	0.000409626216077829
cseguro_auto	0.000143401070249028	0.00297726498931003	0.000409626216077829
mforex_sell	0.000124187092744786	0.00117208294846131	0.000819252432155658
Master_madelantopesos	0.000123769046749368	0.000225459740911229	0.000614439324116743
ccajeros_propios_descuentos	0.000117348792506324	0.00231908259139655	0.000409626216077829
Master_mpagosdolares	0.000116084042928219	0.000119906359984925	0.000409626216077829
mcaja_ahorro_adicional	0.000112676528353997	0.00145157772320522	0.000307219662058372
Master_mconsumosdolares	0.000109867893285142	0.00029882214243517	0.000716845878136201
Visa_madelantopesos	0.000107452525711143	2.53978913684556e-05	0.000102406554019457
ccajas_depositos	0.00010239707483258	0.00198591652270022	0.000307219662058372
Master_delinquency	9.30653264208068e-05	0.000118903617612336	0.000409626216077829
ctarjeta_visa_descuentos	4.95315481625041e-05	0.00106595938069569	0.000614439324116743
Visa_madelantodolares	4.68248432550579e-05	0.000192988583492995	0.000307219662058372
cseguro_vivienda	3.7963692818568e-05	7.00248423524324e-05	0.000102406554019457
mcajeros_propios_descuentos	1.41048600206626e-05	0.000810353468357575	0.000512032770097286
Visa_cadelantosefectivo	1.34241146961605e-05	5.79624414586469e-05	0.000204813108038914
Master_msaldodolares	1.05876798269382e-05	9.38694661241332e-05	0.000102406554019457
cforex_sell	1.16797493106118e-12	0.000124993802904675	0.000204813108038914
Master_madelantodolares	1.68834990360278e-13	1.72579826968546e-05	0.000102406554019457
Master_cadelantosefectivo	1.63463007778171e-13	0.000159809607929404	0.000204813108038914
