Feature	Gain	Cover	Frequency
ctrx_quarter	0.217075722678494	0.0356740985758908	0.0372542965935989
cpayroll_trx	0.0615961630329197	0.0218760359043974	0.00421940928270042
mpasivos_margen	0.0415071113319507	0.0197273584435906	0.0279921786559638
mcuentas_saldo	0.0356693336813172	0.0273377368148833	0.0326232376247813
mcaja_ahorro	0.0336683568964801	0.0174191978075662	0.0275805289698467
mactivos_margen	0.0273613722493975	0.0225865588550628	0.0236698569517341
ctarjeta_visa_trx	0.0223809075826578	0.0198068649395004	0.0194504476690337
mtarjeta_visa_consumo	0.0222182209083857	0.020766135130739	0.0242873314809097
cliente_edad	0.0207131655832426	0.0240681775229898	0.0310795513018421
mrentabilidad_annual	0.019779482913196	0.0168633955293112	0.0187300607183287
Visa_Fvencimiento	0.017807806395605	0.0154079655710886	0.0268601420191417
Visa_fechaalta	0.0169960348961098	0.0148115960714691	0.0236698569517341
Master_fechaalta	0.0169272697273822	0.0186798808357084	0.0228465575794998
Master_mfinanciacion_limite	0.0168760976256084	0.0191972848031129	0.0297416898219615
mprestamos_personales	0.0167848187805626	0.0182387931951358	0.00638057013481527
Visa_mpagominimo	0.0155141394736981	0.0115380933059135	0.0179067613460945
mcomisiones	0.0152044891757121	0.0119912338198328	0.0191417104044458
mrentabilidad	0.0146547945770877	0.0182240557262577	0.01996500977668
cliente_antiguedad	0.0142747877607768	0.0155552442008957	0.0223319954718535
Visa_msaldototal	0.0139516124807987	0.00836276281160147	0.0126582278481013
Master_Fvencimiento	0.0130867222646154	0.0165639999308578	0.023258207265617
mcomisiones_otras	0.0116565288693583	0.0116845225721626	0.0198620973551508
mcuenta_corriente	0.0114009217244065	0.010384647482702	0.0152310383863332
Visa_msaldopesos	0.0112657680296915	0.0175901423350811	0.0215086960996192
numero_de_cliente	0.0111546482693231	0.0125236735445077	0.0195533600905629
mcaja_ahorro_dolares	0.0104892706623653	0.0181009334004984	0.0215086960996192
Master_mlimitecompra	0.0101616746481926	0.00953661863888185	0.0149223011217454
chomebanking_trx	0.0101380705293197	0.0117155496207063	0.0136873520633941
Visa_mconsumospesos	0.00982298239608413	0.00999058323768177	0.016980549552331
Visa_mfinanciacion_limite	0.00971313234855146	0.0116528736681569	0.0174951116599774
Visa_mpagospesos	0.00885090074605586	0.0110351133517884	0.0170834619738602
mpayroll	0.00866956142095849	0.0240632380694413	0.00946794278069363
Visa_mlimitecompra	0.00843595798379725	0.0135178738120684	0.0140990017495112
ccomisiones_mantenimiento	0.00832767818842084	0.0189138552172553	0.00751260677163734
cproductos	0.00831033529758212	0.00962631749748739	0.0131727899557477
mtransferencias_recibidas	0.00817293148583382	0.00863771898482106	0.0155397756509211
cprestamos_personales	0.00745071248848908	0.00334753895569305	0.00226407327364413
ccomisiones_otras	0.00740764057525813	0.0127563384905694	0.0117320160543378
Visa_cconsumos	0.00723152564132418	0.00750553252923647	0.0112174539466914
mtransferencias_emitidas	0.00703874207285097	0.012291999522597	0.0120407533189256
ctransferencias_recibidas	0.00699904290498734	0.0132180636433069	0.0113203663682206
Visa_mconsumototal	0.00621711398800244	0.0076217133302034	0.0116291036328085
thomebanking	0.00565809353786224	0.00304100465876417	0.00380775959658331
mautoservicio	0.00556408124338813	0.0131604788163698	0.0139960893279819
mcomisiones_mantenimiento	0.00545220626818723	0.0137794676764561	0.00792425645775445
Visa_mpagado	0.00537351857125248	0.0136465321681609	0.00957085520222291
Master_mpagominimo	0.00533998223959458	0.00593296118030877	0.00627765771328599
Master_status	0.00531104204802462	0.00979544196023524	0.00216116085211485
ctransferencias_emitidas	0.0049658181974849	0.0122936679153002	0.00638057013481527
Master_mpagospesos	0.00491924587655185	0.0130828631655237	0.00792425645775445
mtarjeta_visa_debitos_automaticos	0.00472407196746704	0.00536522231062288	0.00987959246681074
ctarjeta_debito_trx	0.00420041228403915	0.0086055998974171	0.014407739014099
mcuenta_debitos_automaticos	0.00401741319008722	0.0081420496241771	0.00792425645775445
mpagomiscuentas	0.00390378583195434	0.00830282201193812	0.00782134403622517
tcallcenter	0.00385233992407936	0.00361808652758787	0.00154368632293918
matm	0.00372049781981601	0.00698118703703967	0.00617474529175671
ctarjeta_visa_debitos_automaticos	0.00370286883132672	0.00472860410097297	0.00617474529175671
ccaja_ahorro	0.0035920749970398	0.00959125597204328	0.00349902233199547
Master_msaldopesos	0.00332537823426681	0.00736600434189595	0.0057630956056396
cextraccion_autoservicio	0.00319293978925779	0.00480637647961849	0.00658639497787383
mdescubierto_preacordado	0.00309004924247392	0.00498808466793669	0.00185242358752701
ctarjeta_debito	0.00302411891120646	0.00446385545765556	0.0043223217042297
Master_msaldototal	0.00283693490386685	0.00288916575556837	0.00514562107646393
ccajas_consultas	0.00283041244141858	0.0103054493866556	0.00236698569517341
ccallcenter_trx	0.00276631605826178	0.0031585252296291	0.0014407739014099
Visa_mconsumosdolares	0.00257983229939906	0.00406696000077535	0.00545435834105177
cpagomiscuentas	0.00243496713723849	0.00646704907474505	0.00627765771328599
ccuenta_debitos_automaticos	0.00225693601731427	0.00650054332219526	0.00401358443964187
mplazo_fijo_dolares	0.00207761374641396	0.0148860063860309	0.00246989811670269
Master_mconsumospesos	0.00200253967929037	0.00449159627814754	0.00596892044869816
mextraccion_autoservicio	0.00195361009381267	0.00601072850321883	0.0102912421529279
cmobile_app_trx	0.00172813326862053	0.00109240287321693	0.00267572295976124
Visa_mpagosdolares	0.00170018282240865	0.00430584350145799	0.00329319748893691
Master_mconsumototal	0.00166409332103688	0.00314439444900671	0.00319028506740764
catm_trx	0.00158885261702155	0.00837747500180224	0.00504270865493465
Master_fultimo_cierre	0.00144319309200873	0.00225507035791508	0.00267572295976124
Visa_fultimo_cierre	0.00139516502477583	0.00138992279381317	0.00226407327364413
mtarjeta_master_consumo	0.00120185055435096	0.00176495219481079	0.00185242358752701
Visa_msaldodolares	0.00118120057995866	0.00447280916516263	0.00216116085211485
ccaja_seguridad	0.00117046846875041	0.00652913856198068	0.00133786147988062
Visa_Finiciomora	0.00115723239601273	0.00423091244614334	0.000926211793763507
cseguro_accidentes_personales	0.00109891890539604	0.00739326486751883	0.00195533600905629
ctarjeta_master	0.000959513941150261	0.000140969071947812	0.000514562107646393
Visa_status	0.000872206145199176	0.0058787535846618	0.00102912421529279
Visa_delinquency	0.000864388909742591	0.00268116774283642	0.00102912421529279
Master_cconsumos	0.000739776008416383	0.00160499883619497	0.00195533600905629
Master_mpagado	0.000712346737805485	0.0092988524557368	0.00195533600905629
cinversion1	0.000700347363093063	0.00636146003957559	0.000823299372234229
matm_other	0.000670910388689131	0.000893965256247753	0.00113203663682206
mttarjeta_master_debitos_automaticos	0.000562296562828019	0.00222141432693001	0.000926211793763507
tmobile_app	0.000557695443410176	0.00707887901341407	0.00102912421529279
tpaquete9	0.000524293707332757	0.00365306716126455	0.000926211793763507
internet	0.000523000311361536	0.00224517122787621	0.000823299372234229
mtarjeta_visa_descuentos	0.000489210381125507	0.00536738616540155	0.00164659874446846
tpaquete7	0.000422212900184693	0.00475647131485154	0.00072038695070495
ctarjeta_master_trx	0.000418846636462445	0.000414636032624034	0.000823299372234229
Master_mconsumosdolares	0.000351621211539931	0.000324664164303435	0.00113203663682206
cplazo_fijo	0.000332889071665141	0.00181037292222101	0.000617474529175672
active_quarter	0.000325387251452601	0.000269228024938669	0.000514562107646393
ctarjeta_master_debitos_automaticos	0.000314243839308732	0.00372633487961149	0.000823299372234229
ccajas_trx	0.00030129444484274	0.0012018443788101	0.000514562107646393
mcheques_emitidos	0.000219116437408463	0.000805823564165188	0.000102912421529279
tpaquete1	0.000200310953324396	0.00453872078840919	0.000617474529175672
ccajeros_propios_descuentos	0.000182295377492577	0.00278867795748227	0.000411649686117114
ccajas_extracciones	0.000166039291843797	0.00181857332514392	0.000514562107646393
ccheques_emitidos	0.000150447354325088	0.000805823564165188	0.000102912421529279
mcheques_depositados	0.000137849508897518	0.00322329425666075	0.000411649686117114
minversion2	0.000130439733910047	0.00241747069249556	0.000308737264587836
mcaja_ahorro_adicional	0.000124809980860502	0.000964169198903397	0.000205824843058557
Master_msaldodolares	0.000117412264634953	0.000216709044936737	0.000205824843058557
catm_trx_other	0.000114642972442768	0.00040943368083139	0.000411649686117114
ctarjeta_visa_descuentos	0.000109834639427787	0.000297924379433371	0.000205824843058557
ctarjeta_visa	0.000101285041383895	0.000356682136998105	0.000308737264587836
minversion1_pesos	0.000100033425166336	0.000796222722518704	0.000102912421529279
Master_mpagosdolares	7.7024367379612e-05	0.000179999349731305	0.000514562107646393
mforex_sell	7.5545737051543e-05	0.000310846839279823	0.000205824843058557
ccheques_depositados	7.39107211530896e-05	0.00159799158684162	0.000308737264587836
cseguro_vivienda	6.27680578664572e-05	0.000101645561507398	0.000205824843058557
cseguro_auto	5.84098649249727e-05	0.00156669658431833	0.000205824843058557
cseguro_vida	5.07962858507086e-05	0.000187992467500178	0.000205824843058557
Visa_cadelantosefectivo	5.07411961694112e-05	5.30245535483505e-05	0.000102912421529279
Visa_madelantopesos	4.43263750036108e-05	0.000306559575606196	0.000308737264587836
cforex	3.66757654739739e-05	0.000151045152727929	0.000102912421529279
Visa_madelantodolares	1.08606369728332e-05	7.42940326461681e-05	0.000308737264587836
Master_delinquency	3.56287856772831e-11	0.000125180010093169	0.000102912421529279
Master_cadelantosefectivo	1.17517465566102e-13	8.22871504150413e-05	0.000102912421529279
Master_madelantopesos	1.10250898767769e-13	5.81814037218171e-05	0.000205824843058557
