Feature	Gain	Cover	Frequency
ctrx_quarter	0.257367017978838	0.0501071259255715	0.031232725262576
cpayroll_trx	0.104131967942818	0.043002011885934	0.0129906025428413
mpasivos_margen	0.0719579808551113	0.0230789655325558	0.0237700386954118
mtarjeta_visa_consumo	0.0702254639527172	0.0305835970155776	0.019624101713654
mpayroll	0.0445962353783667	0.0558730522270362	0.0179657269209508
mcuentas_saldo	0.0390161902965482	0.0317008097139798	0.0389718076285241
mcaja_ahorro	0.0337117679877206	0.01453325574816	0.0270867882808181
mactivos_margen	0.0321150081561946	0.0308235813313065	0.027363184079602
mprestamos_personales	0.0317861869676381	0.0243668639398365	0.0127142067440575
mrentabilidad_annual	0.0211446647133538	0.0180354484637393	0.0290215588723051
ctarjeta_visa_trx	0.0150470968369508	0.0166823173859679	0.0185185185185185
Master_fechaalta	0.013994056322307	0.0360056956138236	0.0439469320066335
Visa_msaldototal	0.0132033207870218	0.0141834493416052	0.0132669983416252
mcuenta_corriente	0.0120903468997479	0.00809125516490199	0.0135433941404091
chomebanking_trx	0.0117102476015871	0.0169650724255628	0.0270867882808181
cliente_edad	0.0108455982325562	0.022997573639412	0.0268103924820343
mrentabilidad	0.00972373396934928	0.0111401639161861	0.0201768933112217
Master_Fvencimiento	0.00830931859867757	0.0144167337467774	0.021558872305141
mcomisiones_otras	0.00792734793338612	0.0114924997741524	0.0168601437258154
Visa_fechaalta	0.0079152321111988	0.00990605293437321	0.0193477059148701
cproductos	0.00779987934730986	0.0120698940940644	0.0118850193477059
thomebanking	0.00774038541629853	0.00416873451932621	0.00580431177446103
Visa_mpagominimo	0.00732281650064535	0.0175328506491999	0.0207296849087894
cliente_antiguedad	0.00690251237808088	0.00925989307381747	0.0174129353233831
mcomisiones	0.00674185036431323	0.00967432591870642	0.0165837479270315
Visa_msaldopesos	0.00653676383109144	0.0247923030340488	0.0199004975124378
Visa_Fvencimiento	0.00574348419824741	0.0136791687102178	0.0204532891100055
numero_de_cliente	0.00568084359713254	0.010680734012098	0.0201768933112217
Master_mfinanciacion_limite	0.00548425716260573	0.00884308756169549	0.0174129353233831
Master_status	0.00542580715231688	0.0125156837746322	0.00359314538419016
mcomisiones_mantenimiento	0.00529370682292231	0.0076972565245971	0.00884466556108347
ccomisiones_otras	0.00526248991502647	0.0244513915165482	0.0201768933112217
mcaja_ahorro_dolares	0.00501878540904766	0.0245326684346278	0.0281923714759536
tcallcenter	0.00497788034621905	0.00652905761138113	0.0033167495854063
Visa_mpagosdolares	0.00469906434617009	0.00893066720374655	0.0046987285793256
Visa_mconsumospesos	0.00444542805477981	0.00808739827411349	0.0138197899391929
mtransferencias_recibidas	0.00442412294426539	0.0105926526606761	0.0171365395245992
Visa_mpagospesos	0.00440696183741457	0.00792000503298117	0.0143725815367606
cprestamos_personales	0.00410435468422894	0.00540180027328319	0.00276395798783858
ccallcenter_trx	0.00402609083017905	0.00857530018499801	0.00359314538419016
Master_mpagominimo	0.00359054017063096	0.00718642231455277	0.00608070757324489
mtransferencias_emitidas	0.00349328645479273	0.00739533200612391	0.00967385295743505
Visa_mfinanciacion_limite	0.00331242514830415	0.0076660146639824	0.0129906025428413
mdescubierto_preacordado	0.0032941250996518	0.00734477433473102	0.0033167495854063
Master_msaldopesos	0.00326868132325329	0.0055144235747631	0.0046987285793256
ccaja_ahorro	0.00320689949943936	0.0258825070446528	0.0102266445550028
mautoservicio	0.00288082823717311	0.0155276646257652	0.0210060807075732
ctransferencias_recibidas	0.00284432510644917	0.00934961543297325	0.00912106135986733
Master_mpagospesos	0.00276365077387101	0.0262244742422879	0.0171365395245992
ccuenta_debitos_automaticos	0.00271679642396865	0.00640865781465286	0.00525152017689331
Master_mlimitecompra	0.00252681907746886	0.00406483887044358	0.00690989496959646
ctransferencias_emitidas	0.00252169899703802	0.00716800539973072	0.00912106135986733
mplazo_fijo_dolares	0.00234840655676208	0.0158980202119682	0.00276395798783858
mtarjeta_visa_debitos_automaticos	0.0021369801740995	0.00472705343086689	0.00939745715865119
ccomisiones_mantenimiento	0.00207754012011654	0.00522319173725639	0.00497512437810945
Visa_mlimitecompra	0.00194168974640563	0.00626808512030452	0.00912106135986733
mpagomiscuentas	0.00181261703135309	0.00639249859199969	0.0105030403537866
Visa_mpagado	0.00168359253604982	0.00608043536332366	0.00525152017689331
ccajas_consultas	0.00162823788411839	0.00911696861679322	0.00193477059148701
mcuenta_debitos_automaticos	0.00162027504829871	0.00401372722828704	0.00497512437810945
Visa_cconsumos	0.0015271456318518	0.004352778240204	0.00746268656716418
ccaja_seguridad	0.00141599194181024	0.0060516915972847	0.00221116639027087
ctarjeta_visa_debitos_automaticos	0.00136606097638584	0.00429279261355034	0.00359314538419016
ctarjeta_debito	0.00115062365578466	0.00284414861430119	0.00386954118297402
ctarjeta_debito_trx	0.00113478459960047	0.00896477298868659	0.0171365395245992
Visa_status	0.0010745542439628	0.00666387110024311	0.00110558319513543
ccajas_trx	0.00106640975731232	0.00410271792794364	0.00165837479270315
Visa_mconsumosdolares	0.00104629619526124	0.00279625627394101	0.00386954118297402
Visa_fultimo_cierre	0.00100828473016313	0.00100039803321983	0.00221116639027087
mextraccion_autoservicio	0.0008816780682523	0.00486675858609478	0.00967385295743505
Master_msaldototal	0.000790141661473383	0.00341451900302112	0.00442233278054174
Visa_Finiciomora	0.000611690426426587	0.00324318525287182	0.000829187396351576
Visa_mconsumototal	0.000608667075767127	0.00171194734844455	0.0033167495854063
cseguro_accidentes_personales	0.0005668696388993	0.00297264892691316	0.00221116639027087
Master_mconsumospesos	0.000560265296448919	0.00259010598390962	0.0033167495854063
cmobile_app_trx	0.00055734071160419	0.000529554240944608	0.00110558319513543
mtarjeta_visa_descuentos	0.000514546663615419	0.0118500199622842	0.00690989496959646
cextraccion_autoservicio	0.000501661184417403	0.0024579160169661	0.0046987285793256
Master_mconsumototal	0.000384782031615029	0.00158299758785451	0.00193477059148701
Master_cconsumos	0.000363959178419037	0.00386306808512867	0.00608070757324489
cpagomiscuentas	0.000343881890646066	0.000486125023529386	0.00138197899391929
Master_fultimo_cierre	0.000320806294124901	0.000394604872461349	0.000829187396351576
ctarjeta_master_trx	0.000297510616400458	0.000108745506134291	0.000276395798783858
matm_other	0.000283120427902723	0.00284434720759382	0.00138197899391929
matm	0.000262017991555495	0.000875545565825163	0.00221116639027087
ctarjeta_master	0.000200656481190997	6.10622113453024e-05	0.000276395798783858
Visa_msaldodolares	0.000143895367539114	0.00195958273207907	0.00138197899391929
Master_mpagosdolares	0.000122050281581888	0.000463516745004927	0.00110558319513543
mtarjeta_master_consumo	0.000106791211983072	0.000255610472175517	0.000829187396351576
Master_mconsumosdolares	0.00010402915483115	0.000187022620267288	0.000829187396351576
mttarjeta_master_debitos_automaticos	5.18127090142022e-05	0.000278260559814215	0.000552791597567717
catm_trx	5.15248364429703e-05	0.00179431130349436	0.00110558319513543
ctarjeta_master_debitos_automaticos	4.42122451654179e-05	6.02782904533309e-05	0.000276395798783858
ctarjeta_visa_descuentos	6.3588834212805e-06	0.00113897434236328	0.000829187396351576
ccajas_extracciones	3.89376039727456e-06	0.000494298705363009	0.000276395798783858
Visa_delinquency	1.06682223287163e-10	0.000473864500778951	0.000276395798783858
Master_cadelantosefectivo	1.12018631058909e-12	0.000130747552502292	0.000276395798783858
Master_madelantopesos	9.53595318041812e-13	0.000178566726912555	0.000552791597567717
cforex	2.738122973825e-13	0.000170215356343418	0.000276395798783858
mforex_sell	7.29032020346244e-14	0.000119061905072636	0.000276395798783858
