Feature	Gain	Cover	Frequency
ctrx_quarter_normalizado	0.0849939713206141	0.0153032061696542	0.0102522716403635
mcaja_ahorro	0.0602894431353099	0.0128630635275845	0.0164693926351028
ctarjeta_visa_trx	0.048032735748278	0.013822170189088	0.0144368723098996
foto_mes	0.0477246862850054	0.0300529354484832	0.0113880918220947
ctrx_quarter	0.0466618466600102	0.0119656956337465	0.0121951219512195
mtarjeta_visa_consumo	0.0400531476299701	0.00844938827269448	0.0102821616451459
mpayroll	0.0229201908813322	0.0129109571735271	0.00543998087039694
mpasivos_margen	0.0222355679315872	0.0118101668460159	0.0112984218077475
mcaja_ahorro_avg6	0.0201140776167855	0.00572191961263244	0.00995337159253945
mcaja_ahorro_lag1	0.0188866876185798	0.00839882227466637	0.0121652319464371
mpayroll_sobre_edad	0.017713686252143	0.016250409999505	0.00538020086083214
mcuentas_saldo	0.0154122861817779	0.0123361645755039	0.0138988522238164
mes_lag1	0.01479541928954	0.00934725124133073	0.00651602104256337
cproductos_tend6	0.0132235542972844	0.00595154849966315	0.00274988043998087
mdescubierto_preacordado	0.0114975296394451	0.000718322694615774	0.000597800095648015
cpayroll_trx	0.0113855262532974	0.0098764995874803	0.00251076040172166
mes	0.0101721892052851	0.0145172630944637	0.007831181252989
mprestamos_personales_tend6	0.0097709878388577	0.00714656870123691	0.00245098039215686
mcuentas_saldo_lag1	0.00921976859412666	0.00870839271332418	0.0142874222859876
mv_status07_tend6	0.00903250981072522	0.00351450754542878	0.00107604017216643
mprestamos_personales	0.00875443750837865	0.0117421811953825	0.00289933046389287
mv_msaldototal	0.00810215259128164	0.00626437003308469	0.00884744141559063
mcuenta_corriente_delta1	0.00701671339700097	0.00613503120418683	0.00466284074605452
mactivos_margen	0.0069169833994319	0.00708376711244507	0.00986370157819225
mcuenta_corriente	0.00687257051212789	0.00452482731624898	0.00636657101865136
mv_mpagominimo	0.00681209330263267	0.00727761865780527	0.00833931133428981
ccomisiones_mantenimiento_tend6	0.00664186969865611	0.00433668215935238	0.00212219033955045
mprestamos_personales_delta1	0.00623677451937247	0.0102233806414715	0.00274988043998087
ctrx_quarter_tend6	0.00622932408511626	0.00316486067037761	0.00603778096604496
cpayroll_trx_lag1	0.00590473377216814	0.00375432741928836	0.00119560019129603
Visa_Finiciomora	0.00572617849398783	0.0123003853214248	0.00185318029650885
mcuentas_saldo_tend6	0.00571431967322394	0.00381855136203934	0.00726327116212339
Master_mfinanciacion_limite	0.0054417458221309	0.00987245699457225	0.00827953132472501
ctrx_quarter_delta1	0.00535155560852361	0.00759631343734814	0.0102223816355811
mprestamos_personales_lag1	0.00526216632081828	0.00450968342997822	0.00251076040172166
mes_avg6	0.00519845422942773	0.0118247171684412	0.0038857006217121
mactivos_margen_lag1	0.0051292893068679	0.00977164700032829	0.0124641319942611
mv_msaldopesos	0.00500701567327298	0.00785018425591526	0.0077714012434242
mcuenta_corriente_tend6	0.00490746251415044	0.00446020248482751	0.00705404112864658
mrentabilidad_annual_delta1	0.0049041004983094	0.00738920722644643	0.0100729316116691
cliente_edad_lag1	0.00476662813616378	0.010452154203718	0.0105212816834051
mactivos_margen_delta1	0.00462222669834762	0.00555588572494657	0.00938546150167384
mrentabilidad_delta1	0.00461211399491002	0.00520941344831174	0.0103718316594931
Master_fultimo_cierre_tend6	0.00455295461995302	0.00977803468438576	0.00944524151123864
mtarjeta_visa_consumo_tend6	0.0045072245522792	0.00464493972944825	0.0079208512673362
mcomisiones_tend6	0.00441005472582661	0.00764316051763807	0.00881755141080823
cliente_edad_avg6	0.00438662515678653	0.00801554880056154	0.00938546150167384
mcomisiones_lag1	0.00438272874107175	0.00479166283139081	0.00944524151123864
mcuenta_corriente_avg6	0.00429566253911923	0.00556230137798106	0.00848876135820182
mactivos_margen_tend6	0.00423100827513321	0.0046485415121545	0.00735294117647059
mactivos_margen_avg6	0.00420312897505684	0.00699177069267493	0.00941535150645624
mv_fultimo_cierre_avg6	0.00419813242504791	0.00512467414139729	0.00902678144428503
mv_Finiciomora_avg6	0.00405762643863827	0.00642680357237082	0.00116571018651363
mrentabilidad_annual	0.00403698352449875	0.00364552331769191	0.00663558106169297
Visa_mpagominimo	0.0040212360302919	0.00986837352392857	0.0115076518412243
Visa_mpagospesos_tend6	0.00400095842535265	0.00344147791688981	0.00714371114299378
Master_fultimo_cierre_avg6	0.00397727991584378	0.00414633558100878	0.00675514108082257
mv_fechaalta	0.00393039465415128	0.00416142878844939	0.00735294117647059
ccomisiones_otras_avg6	0.00391375517799606	0.00863233598088865	0.007831181252989
mcaja_ahorro_delta1	0.00388443174585181	0.00852692377514533	0.0076518412242946
mcuentas_saldo_delta1	0.0037579135780863	0.00655865387197366	0.00753228120516499
Master_Fvencimiento	0.00366124425067452	0.00383563060589886	0.00899689143950263
chomebanking_trx_delta1	0.00358625391744091	0.00726511772033656	0.00756217120994739
cliente_edad	0.00352121395763604	0.00487552434271906	0.0077116212338594
ccomisiones_mantenimiento_avg6	0.00351882053667224	0.00984788230392473	0.00538020086083214
ctarjeta_visa_trx_tend6	0.00351407399098348	0.00353601999167017	0.00639646102343376
Visa_fechaalta	0.00350698920781596	0.00497985771091321	0.0103718316594931
mtarjeta_visa_debitos_automaticos_tend6	0.00350454671175125	0.00730451262208497	0.00493185078909613
mv_fechaalta_avg6	0.00350118517800048	0.00315670472544018	0.00747250119560019
mrentabilidad_tend6	0.0034835044600004	0.00420731894724378	0.00723338115734099
Master_Fvencimiento_avg6	0.00346315369670045	0.00300190528257169	0.00705404112864658
Visa_msaldopesos	0.0033759656977395	0.00604791811999268	0.00896700143472023
Visa_fechaalta_avg6	0.00334420494091306	0.00378184315544163	0.00929579148732664
mrentabilidad_annual_lag1	0.00333396477535149	0.0039039647930151	0.00672525107604017
mpayroll_avg6	0.00332697572912496	0.00941813108345719	0.00929579148732664
ctrx_quarter_normalizado_delta1	0.00329238601614232	0.00685400698636838	0.007681731229077
mtransferencias_recibidas_avg6	0.00327388717802992	0.00426121420974061	0.00660569105691057
mrentabilidad	0.00323265828666557	0.00409204301560774	0.00705404112864658
Visa_mfinanciacion_limite	0.00321776405163573	0.00666524436051775	0.00654591104734577
Master_fechaalta	0.00319078727510432	0.00652482168898643	0.00992348158775705
mcaja_ahorro_dolares_delta1	0.00316980342792035	0.00633270828406939	0.00457317073170732
ctrx_quarter_normalizado_tend6	0.0031457837272139	0.00278338533853842	0.00594811095169775
mv_fultimo_cierre	0.00312304540136459	0.00382905837440333	0.00615734098517456
Master_fechaalta_lag1	0.00311456940018034	0.00438296627433579	0.00893711142993783
mcomisiones_mantenimiento_tend6	0.00310512247491594	0.00868761248055789	0.0040650406504065
mrentabilidad_annual_tend6	0.00309750351174367	0.00474197654135759	0.00690459110473458
mrentabilidad_avg6	0.00307548328911042	0.00406112964637529	0.00538020086083214
mcuenta_corriente_lag1	0.00300508287778367	0.00318418842874798	0.00615734098517456
mv_Finiciomora_lag1	0.00299688746717946	0.0128873860193368	0.00176351028216165
Visa_Fvencimiento_avg6	0.00298234403218417	0.00243099798184229	0.00612745098039216
cliente_antiguedad	0.00297953383875689	0.00481034515183015	0.00711382113821138
Visa_fechaalta_tend6	0.00295020174807634	0.00744490851989472	0.00570899091343855
mpasivos_margen_avg6	0.00294840510954848	0.0043808805536142	0.00609756097560976
mpasivos_margen_tend6	0.00291359431643664	0.00400276125996531	0.00603778096604496
mv_cconsumos_tend6	0.00286054600307098	0.00582776760850476	0.00741272118603539
Master_mpagospesos_tend6	0.00282936032877922	0.00993579979502182	0.00615734098517456
mtransferencias_recibidas	0.00282796604945195	0.0032582641448374	0.00475251076040172
Visa_cconsumos_tend6	0.00278969238964424	0.00495477551481103	0.00708393113342898
mv_Fvencimiento_avg6	0.00274267625752204	0.0031517068843942	0.00645624103299857
cproductos_avg6	0.00274139119947264	0.00451184014887222	0.00636657101865136
Visa_cconsumos_avg6	0.00273675128420925	0.00315931038227288	0.00636657101865136
numero_de_cliente	0.00271925007710928	0.00360016170084771	0.00696437111429938
chomebanking_trx_avg6	0.00266982614374905	0.00507546906119932	0.00532042085126734
mcomisiones_avg6	0.00266822518067265	0.0077850672183086	0.00624701099952176
chomebanking_trx_tend6	0.00265945594885266	0.00602032684369638	0.00588833094213295
ccomisiones_otras_tend6	0.00265744926588212	0.00391158861023604	0.00615734098517456
mvr_msaldopesos2	0.00262140951000123	0.0034998130751989	0.00753228120516499
cmobile_app_trx_avg6	0.00259558542083116	0.00239616345765326	0.00541009086561454
mdescubierto_preacordado_tend6	0.00257118289870827	0.00354793860069444	0.000986370157819225
mvr_mpagominimo	0.00256527173569087	0.00562131544137316	0.00591822094691535
mv_mpagominimo_avg6	0.00255145152957158	0.00607336534710252	0.00618723098995696
mvr_mpagominimo_avg6	0.00255037592826111	0.00500551864969355	0.00552965088474414
mvr_mpagominimo_tend6	0.0025413400025605	0.00736629872186532	0.00502152080344333
Visa_mconsumospesos_avg6	0.00249754839054312	0.00392804990703937	0.00582855093256815
Master_Fvencimiento_tend6	0.00248491380532279	0.00272491965833662	0.00546987087517934
chomebanking_trx	0.00246462973968058	0.00310317879687056	0.00603778096604496
mcomisiones_mantenimiento_avg6	0.0024463313344903	0.00463232572081606	0.00490196078431373
ctransferencias_recibidas_avg6	0.00243535935591657	0.00391727635271497	0.00573888091822095
cprestamos_personales_avg6	0.00238442448185706	0.00664077246183703	0.00224175035868006
ctransferencias_recibidas_tend6	0.00235649774549826	0.00607957924102079	0.00582855093256815
cproductos	0.00235389746263508	0.00465084524746613	0.00418460066953611
mcaja_ahorro_dolares_avg6	0.00235108212687978	0.0033556595333751	0.00517097082735533
mcaja_ahorro_tend6	0.00235045317326113	0.00346224380659097	0.00627690100430416
mcuenta_debitos_automaticos	0.00234387308048045	0.00796298600881567	0.00328790052606408
mvr_msaldototal_avg6	0.00232516562455578	0.00377471273966129	0.00621712099473936
thomebanking_avg6	0.00229634663812111	0.00163124062251896	0.00292922046867528
mpagomiscuentas	0.00227377654700804	0.00779860802799954	0.0040949306551889
chomebanking_trx_lag1	0.00226306133816015	0.00280888706929577	0.00567910090865615
mcaja_ahorro_dolares_tend6	0.00224288622138343	0.00462848512607532	0.00442372070779531
mv_Fvencimiento_tend6	0.00222808811988586	0.00382545515739055	0.00490196078431373
mtransferencias_emitidas_avg6	0.00218463334378185	0.00505599380830915	0.00499163079866093
ccomisiones_otras	0.00216416559554325	0.00490894870455432	0.00520086083213773
mcomisiones_mantenimiento	0.00212049435498332	0.00415327666832934	0.00355691056910569
mtransferencias_emitidas_tend6	0.0020735314424073	0.00631012321560706	0.00442372070779531
mvr_msaldopesos_lag1	0.00203386373867007	0.00487431593948151	0.00439383070301291
ctransferencias_emitidas_avg6	0.00201109025622514	0.00346011959864461	0.00529053084648494
mvr_msaldopesos2_avg6	0.00200909825182933	0.00293670864095353	0.00538020086083214
Master_fechaalta_tend6	0.00200283030241959	0.00449782912569597	0.00585844093735055
ctarjeta_visa_debitos_automaticos_tend6	0.00195010587998184	0.00338566809424867	0.00260043041606887
ccaja_ahorro	0.00189538164385164	0.00706531189053702	0.00149450023912004
mcuentas_saldo_avg6	0.00188027737726628	0.00293063267951164	0.00588833094213295
mv_status06_tend6	0.00182722827528782	0.00367870002260252	0.00140483022477284
mtarjeta_visa_debitos_automaticos_avg6	0.00179589724969436	0.00197809920570807	0.00460306073648972
mvr_msaldototal	0.00168741064210222	0.00336526317168673	0.00451339072214252
mvr_msaldopesos2_tend6	0.00159759357298587	0.0020432133747017	0.00328790052606408
tcallcenter_tend6	0.00158623265787956	0.00793821505722691	0.00292922046867528
mv_fechaalta_tend6	0.00158189187149952	0.00277026812737111	0.0038558106169297
internet_avg6	0.00156070464840436	0.00192261234108353	0.00224175035868006
ccajas_trx_avg6	0.00151341923472816	0.00471853853862196	0.00424438067910091
mcomisiones_mantenimiento_lag1	0.00150053134194583	0.00431396632994624	0.00280966044954567
mcuenta_debitos_automaticos_tend6	0.00148859419480235	0.00437139357223233	0.00283955045432807
ccallcenter_trx_tend6	0.00142722719732819	0.00457306328334605	0.00295911047345768
ccaja_ahorro_avg6	0.00135219354531545	0.00393897215113899	0.00122549019607843
ccaja_seguridad	0.00126996462977378	0.00711836856182566	0.000836920133907221
ccallcenter_trx	0.00124388398587476	0.00763836921673002	0.00170373027259684
mes_tend6	0.00121065170322286	0.00203443350643094	0.00292922046867528
mpagomiscuentas_tend6	0.00118133466230504	0.00339378555196132	0.00328790052606408
internet_tend6	0.00111604637487997	0.00307103574885395	0.00131516021042563
Master_status	0.0010631927483377	0.00206622706176045	0.00116571018651363
Visa_mpagado_avg6	0.000969257130975249	0.00308021244192675	0.00304878048780488
mv_status04_tend6	0.000945576272023022	0.00255032798083849	0.00131516021042563
thomebanking	0.000928363850266721	0.00126799365310762	0.00110593017694883
ccaja_ahorro_tend6	0.000912743473098408	0.00621508654413066	0.000657580105212817
thomebanking_tend6	0.000893758594471853	0.00360210877193966	0.00179340028694405
mdescubierto_preacordado_delta1	0.000744052168024413	0.00162754752229801	0.000269010043041607
ccajas_consultas_tend6	0.000680995676508509	0.00353577735481832	0.00161406025824964
cplazo_fijo	0.000626459425085207	0.00669945806903756	0.000717360114777618
mv_status07_avg6	0.000597051526415408	0.000929399783099866	0.00110593017694883
ccomisiones_mantenimiento_delta1	0.000516702202483987	0.00161419054289188	0.000508130081300813
cproductos_delta1	0.000386264689561038	0.00382516805703679	0.000687470109995218
