Feature	Gain	Cover	Frequency
ctrx_quarter_normalizado	0.249787669970831	0.0188102753565684	0.00820454111810723
foto_mes	0.0713674257786007	0.0326456203594359	0.0172676970043885
ctrx_quarter	0.0411608349925994	0.0167898122977346	0.0129746231635184
mcuenta_corriente	0.0312188633711908	0.00319024459509251	0.00639190994085098
mpasivos_margen	0.027063402276385	0.0113555447479463	0.010684983781721
mtarjeta_visa_consumo	0.0254893693500436	0.0226238658321013	0.0241366151497806
mcaja_ahorro	0.0227671203934696	0.00970507342469861	0.0159320740316733
cpayroll_trx	0.0195038518014643	0.0134981080624416	0.00763213127265789
cproductos_tend6	0.0162642688488235	0.00697240571155286	0.0052470902499523
mprestamos_personales	0.0155358867489504	0.0113142713668087	0.00601030337721809
mprestamos_personales_tend6	0.0148777598132464	0.00796236713533015	0.00467468040450296
mcuentas_saldo	0.0144763015935685	0.0109417606354245	0.013642434649876
mpayroll_sobre_edad	0.013541663745827	0.0114083804689432	0.00610570501812631
mes_lag1	0.0120521458103642	0.0162000984258555	0.0115435985498951
mpayroll	0.0116281010960677	0.0118755870738422	0.00553329517267697
mdescubierto_preacordado	0.00898924620295474	0.00108326631550507	0.00124022133180691
mcuenta_corriente_delta1	0.00806275377143077	0.00968564167602766	0.00868154932264835
mdescubierto_preacordado_tend6	0.00754826348491661	0.00206184280454932	0.00114481969089868
mactivos_margen	0.00648019436147243	0.00904450268939951	0.0143102461362335
mv_Finiciomora_avg6	0.00646852656233362	0.0119502008440525	0.00209883609998092
Master_Fvencimiento	0.00559570909802102	0.00298280069899174	0.00829994275901546
ccomisiones_mantenimiento_tend6	0.00555131124393436	0.00320107690500726	0.00209883609998092
mv_status06_tend6	0.00553401442512201	0.00244530869497342	0.000858614768174013
mes	0.00547064919344723	0.00544710547960465	0.00477008204541118
Visa_Finiciomora	0.00545136675817411	0.0241633023481975	0.00410227055905362
mcuentas_saldo_tend6	0.00542279090349956	0.003341913025957	0.00705972142720855
ctrx_quarter_delta1	0.0053819087507754	0.00724633453367957	0.00982636901354703
mrentabilidad_avg6	0.00514506994359995	0.00415783491844873	0.00639190994085098
mv_status07_tend6	0.00505615844906474	0.00429395174904682	0.00143102461362335
mv_Finiciomora_lag1	0.00485300661868374	0.0213579103079346	0.00419767219996184
mrentabilidad_annual_delta1	0.00463337503861228	0.00857877576885063	0.0113527952680786
mprestamos_personales_lag1	0.00457605086357339	0.00109658975448352	0.00114481969089868
mcuenta_corriente_avg6	0.00454519028695015	0.0064193903664918	0.0111619919862622
ctarjeta_visa_trx	0.00451866504934086	0.00703867712344447	0.00954016409082236
mcuenta_corriente_tend6	0.0042380857312934	0.00432252888897556	0.00772753291356611
mcuentas_saldo_delta1	0.00411958462287351	0.00772706082216578	0.010684983781721
mv_msaldopesos	0.00409424434228517	0.00349529820465898	0.00248044266361381
ctarjeta_visa_trx_tend6	0.00400003297526958	0.00303170093060446	0.00515168860904408
Master_mfinanciacion_limite	0.00398833174502188	0.0100529397581138	0.0113527952680786
mactivos_margen_delta1	0.003858122804724	0.00488349057073483	0.00915855752718947
Visa_mpagospesos_tend6	0.0038306321980123	0.00389940196311952	0.00934936080900592
mcomisiones_mantenimiento_tend6	0.00378747209874881	0.00835593883812735	0.00610570501812631
mprestamos_personales_delta1	0.00369118501191265	0.0107178557415403	0.00352986071360427
Master_fultimo_cierre_tend6	0.00360389065429565	0.00771025639631701	0.00934936080900592
chomebanking_trx_delta1	0.00360351005243635	0.00760813305684964	0.00896775424537302
mrentabilidad_annual_tend6	0.00357983337109989	0.00492186581149012	0.00934936080900592
mv_mpagominimo	0.00354457461161839	0.0108269850135406	0.00820454111810723
mcuentas_saldo_lag1	0.0035427042128854	0.00902776734165302	0.00925395916809769
cliente_edad_avg6	0.00353001786243749	0.00770039549721565	0.00896775424537302
mcomisiones_tend6	0.00351764351108789	0.0088795249491684	0.0103033772180882
mcomisiones_lag1	0.00350836998962558	0.00319581283962168	0.00782293455447434
mtarjeta_visa_debitos_automaticos_tend6	0.00350153249521652	0.00836162404444335	0.00648731158175921
cliente_edad_lag1	0.00339815504437444	0.00869293832257667	0.00963556573173059
Visa_mfinanciacion_limite	0.00330433471634538	0.00850803665219582	0.00829994275901546
mtransferencias_emitidas_avg6	0.00329380847124047	0.0045317338841954	0.00839534439992368
mcomisiones_avg6	0.00326935503223333	0.00631863092705538	0.00753672963174967
cpayroll_trx_lag1	0.00322380472449504	0.000134197165835125	0.000477008204541118
ctrx_quarter_tend6	0.00319364635956336	0.00228123132500734	0.00562869681358519
cproductos	0.00317046866608285	0.0110087291081664	0.0103987788589964
ctarjeta_visa_debitos_automaticos_tend6	0.00316391214491065	0.00610032489185932	0.00515168860904408
mrentabilidad_delta1	0.00304631954003646	0.0028464185456826	0.00829994275901546
chomebanking_trx_avg6	0.00301661847896423	0.00540650560996437	0.00782293455447434
Visa_cconsumos_avg6	0.00300244537214042	0.00562090166757534	0.00782293455447434
mv_fechaalta_avg6	0.00297808688056308	0.00270570919875013	0.00515168860904408
mcaja_ahorro_dolares_delta1	0.0029601668147478	0.00597583398437384	0.00534249189086052
ccaja_ahorro	0.0029010532096847	0.00918819534687446	0.00448387712268651
Master_Fvencimiento_avg6	0.00283337056132229	0.00275827724210071	0.00667811486357565
mactivos_margen_avg6	0.00281139508410553	0.00543359089837726	0.007250524709025
mrentabilidad_annual	0.00278114884271906	0.00251955705772221	0.00372066399542072
Master_fultimo_cierre_avg6	0.00275751746971921	0.00504243653667086	0.0068689181453921
numero_de_cliente	0.00274560589052021	0.00456197243098197	0.00696431978630032
thomebanking_avg6	0.00272734936395942	0.00223210148720236	0.00477008204541118
cliente_antiguedad	0.00271773650390717	0.00394407587083782	0.00839534439992368
mcuenta_debitos_automaticos	0.00268153016961945	0.00764264620370439	0.00496088532722763
mv_status07_avg6	0.00264016429752815	0.000301111840354769	0.000667811486357565
mrentabilidad_tend6	0.00263483385595791	0.00331206029607127	0.00658271322266743
mcaja_ahorro_lag1	0.00262513075621345	0.00418175556630063	0.00658271322266743
mvr_mpagominimo_tend6	0.00258570742520652	0.00840195584394805	0.00705972142720855
mcuenta_corriente_lag1	0.00257247892941236	0.00253781408616508	0.0048654836863194
mv_fultimo_cierre_avg6	0.00257060086358005	0.00327708911429966	0.00696431978630032
mrentabilidad_annual_lag1	0.00256889795723707	0.00278956844496871	0.00734592634993322
chomebanking_trx_tend6	0.00256367498076095	0.00656457330552574	0.00820454111810723
mactivos_margen_lag1	0.00253629815611451	0.009804162037536	0.00782293455447434
mpayroll_avg6	0.0025074345545233	0.00648715598483457	0.0052470902499523
mactivos_margen_tend6	0.00248360817690026	0.00748256162654829	0.00734592634993322
mes_tend6	0.00247590854833389	0.00159365301416041	0.00400686891814539
mpasivos_margen_avg6	0.00247344264649574	0.00430856451510487	0.00562869681358519
ccomisiones_otras_avg6	0.00246941569706797	0.00583607956370764	0.00753672963174967
mtransferencias_recibidas	0.00246645289965479	0.00442029324319297	0.00620110665903454
cmobile_app_trx_avg6	0.00246035845843263	0.00237268759252053	0.00658271322266743
mcaja_ahorro_delta1	0.00245551647805638	0.00896102729763568	0.00610570501812631
mvr_mpagominimo_avg6	0.00244708817109397	0.00426493070381304	0.00591490173630987
Master_fechaalta_lag1	0.00244639157133528	0.00335492365102907	0.00791833619538256
Master_mpagospesos_tend6	0.00240599966991612	0.00947769735617454	0.00629650829994276
Visa_Fvencimiento_avg6	0.00239805614312158	0.00234481379326961	0.00610570501812631
mv_cconsumos_tend6	0.00238286228946048	0.00470014551259073	0.00505628696813585
chomebanking_trx	0.00237995121954926	0.00422890765093844	0.00610570501812631
mv_Fvencimiento_avg6	0.00236842457173762	0.00287709118554376	0.00677351650448388
ctrx_quarter_normalizado_delta1	0.00235272820948	0.0050221205097928	0.00543789353176875
ccomisiones_otras_tend6	0.00232771141050043	0.00307246289829158	0.00677351650448388
mv_mpagominimo_avg6	0.00229999773524431	0.0053056982868434	0.00772753291356611
ccomisiones_mantenimiento_avg6	0.00226637300280831	0.00958996026208771	0.0048654836863194
cliente_edad	0.00226606949122757	0.00386734383632046	0.00696431978630032
mcaja_ahorro_dolares_tend6	0.00225014701472095	0.00396199849846735	0.00591490173630987
Visa_fechaalta_avg6	0.00223796659457806	0.00184512046334602	0.00534249189086052
Visa_mconsumospesos_avg6	0.00222837369481534	0.00428994129422204	0.00648731158175921
mcaja_ahorro_avg6	0.00222293210982503	0.00285468554607154	0.00534249189086052
mvr_msaldopesos_lag1	0.00219988990333213	0.00524016671712685	0.00410227055905362
ctransferencias_recibidas_avg6	0.00218189271425476	0.00365825030803839	0.00515168860904408
Master_fechaalta	0.00215410061420473	0.0053685942914642	0.00820454111810723
mes_avg6	0.00214114186418416	0.00824225629871436	0.00438847548177829
mrentabilidad	0.00213035578532802	0.00321822279647529	0.00572409845449342
Visa_fechaalta_tend6	0.00210829154586944	0.00900345734449732	0.00581950009540164
Visa_mpagominimo	0.00209807365201931	0.00336289863944017	0.0052470902499523
mcomisiones_mantenimiento	0.00208340516831289	0.00270875962494881	0.00333905743178783
Visa_cconsumos_tend6	0.00201781076318386	0.00419359853595054	0.00572409845449342
mpasivos_margen_tend6	0.0019902739273552	0.00569983124922167	0.00620110665903454
mcaja_ahorro_dolares_avg6	0.00198208717796871	0.00270649142976068	0.00572409845449342
mtransferencias_emitidas_tend6	0.00197262217909437	0.00454610762431998	0.00534249189086052
tcallcenter_tend6	0.00197100097912215	0.0105547552772366	0.0036252623545125
mv_msaldototal	0.00196573565043811	0.0010475415544358	0.00181263117725625
mtransferencias_recibidas_avg6	0.00195553699056679	0.00389294473051263	0.00553329517267697
ctransferencias_recibidas_tend6	0.00193510839130989	0.00745284509042104	0.00601030337721809
mv_Fvencimiento_tend6	0.00193156394817638	0.00398307202953525	0.00438847548177829
mv_fultimo_cierre	0.00188501360905422	0.00304545924763594	0.00581950009540164
cprestamos_personales_avg6	0.00186319569572682	0.00556229321516689	0.0032436557908796
mtarjeta_visa_consumo_tend6	0.00183117107377695	0.00137594905742405	0.00257584430452204
mvr_msaldopesos2_tend6	0.00174876382677712	0.00258886947607128	0.00496088532722763
cproductos_avg6	0.00173669042484507	0.00362890585168937	0.00648731158175921
ccajas_trx_avg6	0.00173234841082035	0.007210728304354	0.00896775424537302
mpagomiscuentas	0.00167924913266174	0.00796615936614998	0.00400686891814539
mvr_msaldopesos2	0.00165138878882281	0.00388274982308715	0.00667811486357565
ccaja_seguridad	0.00163411937035467	0.00647389769906623	0.00190803281816447
Visa_mpagado_avg6	0.00161432404810321	0.00384901694479687	0.00352986071360427
chomebanking_trx_lag1	0.00153990819181142	0.00194437235169789	0.00457927876359473
Master_Fvencimiento_tend6	0.00152960441877516	0.00128667267502506	0.00248044266361381
mcaja_ahorro_tend6	0.00147609656462918	0.00327415643486624	0.00562869681358519
mvr_msaldopesos2_avg6	0.00139305142122182	0.00341001579253762	0.00705972142720855
mcuenta_debitos_automaticos_tend6	0.00137196461787274	0.00663448348495312	0.00333905743178783
mtarjeta_visa_debitos_automaticos_avg6	0.00137021557567534	0.00152781373289731	0.00467468040450296
mv_fechaalta	0.00136795954094045	0.00358239509443301	0.00343445907269605
mvr_mpagominimo	0.00136222461061311	0.00490700930962798	0.00477008204541118
mcomisiones_mantenimiento_avg6	0.00133330085537729	0.00487044579910083	0.00381606563632894
Visa_fechaalta	0.00133284293596801	0.00144870870857074	0.00372066399542072
internet_avg6	0.00131390869385422	0.0031529589044051	0.00276664758633848
mcuentas_saldo_avg6	0.00128786043341846	0.00155796867948054	0.00410227055905362
ctransferencias_emitidas_avg6	0.00126277182844821	0.00248647335659773	0.00391146727723717
ccallcenter_trx_tend6	0.00125255735434471	0.00617575935702351	0.00372066399542072
ccallcenter_trx	0.00122257185283702	0.0107386368681411	0.00419767219996184
ctrx_quarter_normalizado_tend6	0.00120992621815918	0.00136014704903687	0.00343445907269605
Visa_msaldopesos	0.00120398326333194	0.00325293415038489	0.00391146727723717
mvr_msaldototal	0.00114137658278876	0.00300440291303566	0.00305285250906316
mv_fechaalta_tend6	0.00105974539119153	0.0029469110924511	0.00314825414997138
mdescubierto_preacordado_delta1	0.00105434384269052	0.00793783577425576	0.00133562297271513
mvr_msaldototal_avg6	0.00105390963961813	0.00134297682323735	0.00286204922724671
ccomisiones_mantenimiento_delta1	0.000964887709692808	0.0040974429950358	0.00152642625453158
ccaja_ahorro_avg6	0.000964725080310177	0.00341043536351117	0.00209883609998092
ccomisiones_otras	0.000954059274467056	0.00519822649680868	0.00286204922724671
cplazo_fijo	0.000887208347783678	0.00502870569388461	0.00104941804999046
mcomisiones_mantenimiento_lag1	0.000866218121023758	0.00638318676857714	0.00238504102270559
internet_tend6	0.000833918262050795	0.00423347073058151	0.0016218278954398
Master_fechaalta_tend6	0.000767693741144994	0.00373479630266664	0.0036252623545125
mpagomiscuentas_tend6	0.000764162189148165	0.00173607204412446	0.00219423774088914
Master_status	0.00067592922388565	0.00403850799159836	0.00104941804999046
ccaja_ahorro_tend6	0.000655450293554354	0.00734140719684314	0.00114481969089868
thomebanking	0.0006490275782258	0.00054300687001391	0.00124022133180691
cproductos_delta1	0.000586020342764846	0.00525824594795417	0.00124022133180691
thomebanking_tend6	0.000586014094731585	0.00184699970171958	0.00152642625453158
ccajas_consultas_tend6	0.000346697728999296	0.00340584166970914	0.00181263117725625
mv_status04_tend6	0.000255196732657744	0.00368433200152204	0.00238504102270559
