Feature	Gain	Cover	Frequency
ctrx_quarter_normalizado	0.0923159131637646	0.0113974827825669	0.00428056954643905
ctrx_quarter	0.0345292943162627	0.00991996693706803	0.00517769490048317
mv_status07_ratioavg3	0.0321242146923364	0.00161873615289487	0.000692068130262601
mdescubierto_preacordado_delta3	0.0293691952756481	0.000776768960138185	0.0002306893767542
mcuentas_saldo	0.0282937013135407	0.00813757046475195	0.00656183116100837
ctrx_quarter_min3	0.0265850302211051	0.00447043175680443	0.0044087303113025
mtarjeta_visa_consumo	0.0216247175344029	0.00654628707596405	0.00506235021210607
ctarjeta_visa_trx	0.0207906158081376	0.005421763870882	0.0047547643764338
mcaja_ahorro	0.0202235331413306	0.00571274733759954	0.0056775218834506
mdescubierto_preacordado_min3_delta3	0.0192862179201249	0.000621843306697445	0.000269137606213234
mcaja_ahorro_max3	0.0135612295192185	0.00343659779037923	0.00311430658618171
mpayroll_sobre_edad	0.0117022522897104	0.00794854587051216	0.00279390467402309
mprestamos_personales_ratiomax3_delta3	0.0111448808417986	0.000795449794477834	0.000576723441885501
mcuentas_saldo_avg3	0.0105153428282551	0.00172992768666114	0.00266574390915965
mv_msaldototal	0.00986321668015775	0.00234867998799834	0.00352442103374473
cpayroll_trx	0.00922467178805526	0.00498164815338142	0.00157637740782037
ctarjeta_visa_trx_ratioavg3	0.00815365561373871	0.00387329914901439	0.00331936380996322
mcaja_ahorro_avg3	0.00808255543425677	0.00342853146844664	0.0042933856229254
mpasivos_margen	0.00786024722700354	0.00302427347379508	0.00339626026888128
mpasivos_margen_avg3	0.00775903066921075	0.00180562778171357	0.00319120304509977
mpasivos_margen_max3	0.00703184852239529	0.00167508809989488	0.00212746869673318
cpayroll_trx_ratioavg3	0.00689478988088205	0.00466940458007363	0.00188396324349264
cpayroll_trx_min3	0.00633963504008508	0.0013974613825065	0.00071770028323529
mv_status01_max3	0.0056970824752793	0.00065850520610769	0.000576723441885501
ctarjeta_visa_trx_min3	0.00529546568364266	0.00419897365577998	0.00511361451805144
mtarjeta_visa_consumo_min3	0.00527547351026233	0.00314458381681909	0.00343470849834032
mcaja_ahorro_ratiomax3	0.00518107343476517	0.00179209278440864	0.00242223845591911
mpayroll	0.0051127235625465	0.00524956602293328	0.00165327386673844
mprestamos_personales_ratioavg3	0.00504681013487433	0.00508218155722054	0.00125597549566176
mdescubierto_preacordado_avg3_delta3	0.00474331812624271	0.00124995482882042	0.000512643059453779
mdescubierto_preacordado_ratioavg3_delta3	0.0046553938068283	0.000859075907425611	0.000563907365399157
mprestamos_personales	0.00459282771990445	0.0029933550057892	0.000948389659989491
cpayroll_trx_ratiomax3	0.00425390003078557	0.00385360223252382	0.00158919348430671
cpayroll_trx_avg3	0.00403535453983483	0.000851817368227168	0.000525459135940123
mprestamos_personales_ratiomax3	0.00392521705040032	0.00372144166183873	0.00128160764863445
mpayroll_ratiomax3	0.00388355820203534	0.00347882058015506	0.0013841362605252
mprestamos_personales_delta3	0.0038160234148853	0.00429420134891824	0.00097402181296218
mpayroll_sobre_edad_min3	0.00373091003159283	0.00504786452882108	0.00275545644456406
cproductos_avg3_delta3	0.00371023451612653	0.00430057500197106	0.00121752726620272
mcuentas_saldo_min3_delta3	0.00370669346725375	0.00193276443835315	0.00269137606213234
mcaja_ahorro_ratioavg3	0.00348720423476143	0.00331517502887057	0.00367821395158086
foto_mes	0.00329292466636499	0.00395755755101924	0.0030245940507773
ctarjeta_visa_avg3_delta3	0.00312080105047084	0.000648988344048551	0.000140976841349789
ctarjeta_visa_trx_ratiomax3	0.0031180433301329	0.0041330746235573	0.00312712266266805
mdescubierto_preacordado	0.00303800533019262	0.000588165257794952	0.000294769759185923
mv_status01	0.00299864179542113	0.000798411836225544	0.000448562677022056
cprestamos_personales_avg3_delta3	0.00299353531035813	0.00166080679651797	0.000346034065131301
mv_status06_avg3_delta3	0.00292634124948915	0.00127407789326433	0.000358850141617645
mtarjeta_visa_consumo_ratiomax3	0.00282275670402008	0.00360189771642153	0.00331936380996322
mprestamos_personales_ratioavg3_delta3	0.00280505890901866	0.00113516004141671	0.000794596742153357
cproductos_min3_delta3	0.00269445977562435	0.000556515423576337	0.000410114447563023
cproductos_ratiomax3	0.00259602903980504	0.00131072485281533	0.000730516359721635
cprestamos_personales_ratioavg3_lag3	0.0025896895200044	0.00085854545656129	0.000333217988644956
mprestamos_personales_avg3_delta3	0.00255546529648569	0.00377466087490613	0.000897125354044113
mcuentas_saldo_ratiomax3	0.0025447519332014	0.00342600766257	0.0039473515577941
mes	0.00249039453917695	0.00158499559699509	0.0016148256372794
mcuentas_saldo_min3	0.00248452269038318	0.00429743642947277	0.00413959270508926
mactivos_margen	0.00247892097513455	0.00235572232854409	0.00316557089212708
mcuentas_saldo_ratioavg3	0.00245385469275073	0.00372164669852762	0.00443436246427519
cproductos_ratioavg3	0.00240617436311673	0.00202051705019524	0.000871493201071424
mcuenta_corriente_delta3	0.00240249709732383	0.00134501045599363	0.00101247004242121
Visa_Finiciomora	0.00228136204338322	0.00379777936260797	0.00060235559485819
Visa_msaldototal	0.00226476878551642	0.00230026454070578	0.00379355863995796
mrentabilidad_annual_min3	0.00224696344816569	0.000746812138244381	0.00170453817268381
mactivos_margen_min3_lag3	0.00207820373566196	0.000805636546087545	0.0013841362605252
mv_status07_avg3_delta3	0.00206140072690537	0.00163366467844971	0.000499826982967434
ccomisiones_mantenimiento_avg3_delta3	0.0020488871817625	0.000509263224634351	0.000563907365399157
mactivos_margen_min3	0.00201784165798015	0.00252302127644187	0.00289643328591385
Visa_status	0.0019840917521631	0.000562686959223096	0.000307585835672267
mcomisiones_avg3_delta3	0.0018934683356799	0.000556139007812468	0.00119189511323004
mpayroll_sobre_edad_ratioavg3	0.00186730904401858	0.0030841735515036	0.00170453817268381
mdescubierto_preacordado_tend3	0.00186460825533891	0.00074989249680838	0.000256321529726889
ccaja_ahorro_max3	0.00185191970984205	0.00272818400966746	0.001153446883771
mpasivos_margen_avg3_delta3	0.00183304798256925	0.000587681687178595	0.00135850410755251
mv_status06_delta3	0.00181899589994429	0.000831514614685992	0.000294769759185923
mcaja_ahorro_min3	0.00180964446494902	0.00346403183673151	0.00595947556615018
mv_status07_max3	0.00179954442957926	8.17746074753844e-05	0.000153792917836134
mcaja_ahorro_min3_delta3	0.00175441636173274	0.000730473599077713	0.000922757507016802
ctrx_quarter_ratioavg3	0.00172911485750116	0.00213821154407189	0.00244787060889179
ccaja_ahorro	0.00163353180850642	0.00292169451129756	0.00112781473079831
mprestamos_personales_avg3	0.00162589620461388	0.000984668435165235	0.000538275212426468
cliente_edad_lag3	0.00161711401326669	0.00408157126190987	0.00397298371076679
mtarjeta_visa_consumo_avg3	0.0015956999364375	0.00111171510920433	0.00174298640214285
mcuenta_corriente_avg3_delta3	0.00157088256873726	0.000883235548766285	0.00134568803106617
mactivos_margen_avg3	0.00155320022355978	0.00256802184970144	0.00266574390915965
Visa_mfinanciacion_limite	0.00155251585711193	0.00273098703636164	0.00331936380996322
mprestamos_personales_lag3	0.00150307604106112	0.000369519559187989	0.000358850141617645
ctrx_quarter_normalizado_ratiomax3	0.00149384201041287	0.00112504850427077	0.00214028477321953
ccaja_ahorro_ratioavg3_delta3	0.00147438241448735	0.00686040706124802	0.000512643059453779
cliente_edad	0.00146894351912672	0.00278300900001952	0.0037166621810399
ctrx_quarter_normalizado_ratioavg3	0.0014641442848505	0.00134959956861847	0.00234534199700104
mv_status07_delta3	0.00146261266359805	0.000572102504995426	0.000179425070808823
mrentabilidad_annual_ratiomax3_lag3	0.00145461218598122	0.000979949156870228	0.00198649185538339
cproductos	0.00144804508296433	0.00449343965520338	0.00233252592051469
cliente_edad_avg3	0.00144541881944952	0.00394592541095858	0.00366539787509452
mtransferencias_recibidas	0.00143365441253622	0.00378656914477898	0.00135850410755251
mv_status02	0.0014335243314905	0.000624385658606242	0.000422930524049368
Visa_fechaalta_tend3	0.00142467470144473	0.00243225733848883	0.00085867712458508
ccomisiones_mantenimiento_ratioavg3	0.00142461003079536	0.00301770989563513	0.00117907903674369
mv_mpagospesos	0.00141687537763911	0.000721882836569007	0.00130723980160714
mcuenta_corriente_ratioavg3_lag3	0.0014106750310522	0.00100213141339295	0.00210183654376049
cliente_edad_avg3_lag3	0.0013784629766653	0.00258106967021709	0.00305022620374998
mprestamos_personales_min3_delta3	0.00135919506256148	0.000561781294652545	0.000461378753508401
ccaja_ahorro_avg3	0.00134910701155538	0.00184223816436781	0.000935573583503146
mtarjeta_visa_debitos_automaticos_avg3_delta3	0.00134832267515857	0.00139620540399512	0.00139695233701155
mcuentas_saldo_tend3	0.00134439171033164	0.00198627077147402	0.00231970984402835
mcuenta_corriente_tend3	0.00134192370313696	0.00315838069096704	0.00147384879592961
mcuenta_corriente_avg3	0.0013402603011018	0.00104457521005204	0.00225562946159663
mcaja_ahorro_delta3	0.00133653063134018	0.00106400544146903	0.00148666487241596
mv_mpagominimo	0.00132725757254062	0.0046429397356243	0.00358850141617645
mtarjeta_visa_consumo_min3_delta3	0.00131815225619364	0.000615272001024095	0.00111499865431197
cliente_edad_min3	0.00130560451318326	0.00228547493866964	0.0033706281159086
mcuentas_saldo_delta3	0.0012929255875357	0.00134534583007522	0.0021915490791649
mrentabilidad_min3	0.00127179777544568	0.000550907652962782	0.00135850410755251
mtarjeta_visa_consumo_max3	0.00126117673071001	0.00213063308581866	0.00165327386673844
mv_msaldopesos	0.00124735313723364	0.00206640336821304	0.00296051366834557
mtarjeta_visa_consumo_ratioavg3	0.0012225235187588	0.00200912429132748	0.00202494008484243
mpayroll_min3	0.00121062021566654	0.00254476409503587	0.00244787060889179
cliente_edad_min3_lag3	0.0012055820132778	0.00301677933129917	0.00306304228023633
mrentabilidad_annual_max3_delta3	0.00118966652880336	0.00126159212055668	0.00228126161456932
mpasivos_margen_max3_lag3	0.00118608784147688	0.000893979883398479	0.00135850410755251
mcaja_ahorro_dolares_tend3	0.00117716466046275	0.00300651685005814	0.00199930793186974
mcuenta_corriente_ratiomax3	0.00116907456359495	0.00160675369889338	0.00293488151537288
Visa_msaldopesos	0.00116582138077991	0.00237647362130754	0.0034859728042857
mrentabilidad_avg3	0.00116387106703715	0.000798294549744375	0.00119189511323004
mcuentas_saldo_ratioavg3_delta3	0.00116302613869365	0.00168448922097553	0.00331936380996322
mcuenta_corriente	0.00116086464052643	0.000905947225818207	0.00190959539646533
mrentabilidad_max3_lag3	0.00115455255008396	0.00109012666915582	0.00190959539646533
ccomisiones_mantenimiento	0.00114789087904846	0.00210266206314629	0.000666435977289912
mcuenta_corriente_min3	0.00114349092310074	0.000996559704508597	0.00226844553808297
mcaja_ahorro_ratioavg3_delta3	0.0011365143391924	0.000860712251318818	0.00203775616132877
mcuentas_saldo_ratiomax3_delta3	0.00110909657614495	0.00175351463339757	0.00298614582131826
mcomisiones_mantenimiento_avg3_delta3	0.00110331021381165	0.00115224814938324	0.00120471118971638
chomebanking_trx_delta3	0.00109922989307296	0.00173061028367819	0.00166608994322478
mv_Fvencimiento_avg3_delta3	0.00107422178228963	0.00108016058098432	0.00152511310187499
mv_msaldopesos_min3	0.00107147275733017	0.00232663493776911	0.00283235290348213
mv_msaldototal_avg3	0.00106556768053753	0.00150741136245307	0.00226844553808297
numero_de_cliente	0.00106366784851775	0.00156758705480622	0.00267855998564599
mcuenta_corriente_min3_lag3	0.00103991421468547	0.00150091475607593	0.00199930793186974
cliente_edad_max3_lag3	0.0010335936356228	0.00320854908174389	0.00297332974483192
ccallcenter_trx_ratiomax3	0.00103228789839408	0.000613336173055985	0.000807412818639702
mrentabilidad_annual_ratioavg3_lag3	0.00103204779819694	0.00101595112663606	0.00199930793186974
ccallcenter_trx	0.00102508575461891	0.00260443543834774	0.000909941430530457
ccomisiones_otras_avg3	0.00102186066110636	0.0058442211899271	0.00265292783267331
thomebanking_ratioavg3	0.00102124540280957	0.00121217535924993	0.000781780665667013
mcomisiones_otras	0.00101463276675943	0.00119268983318149	0.00187114716700629
mprestamos_personales_min3	0.001007923485308	0.000392810456299916	0.000384482294590334
mcuentas_saldo_max3	0.00100559128492548	0.00155432835903599	0.00179425070808823
chomebanking_trx_tend3	0.00100435586222828	0.00215830788714401	0.0014994809489023
mpasivos_margen_ratioavg3	0.000995770019522502	0.00173776201146918	0.00185833109051995
mcuenta_corriente_ratioavg3_delta3	0.000995762593908321	0.0012768233929143	0.00242223845591911
mcaja_ahorro_tend3	0.00099137131707623	0.000695862238278948	0.000986837889448524
mcuenta_corriente_min3_delta3	0.000991017934116718	0.00115671259145854	0.00174298640214285
mprestamos_personales_ratioavg3_lag3	0.000984036329502653	0.00119766789731416	0.000833044971612391
mtransferencias_recibidas_max3	0.000969334474328167	0.00158405730514574	0.00166608994322478
mv_Finiciomora	0.00096289953910447	0.00161572929156943	0.000384482294590334
Visa_fechaalta_min3_lag3	0.000961005115390891	0.00191122562611292	0.00352442103374473
ccallcenter_trx_ratioavg3	0.000958841803647593	0.000951841614794448	0.00110218257782562
mcomisiones_mantenimiento_max3_delta3	0.000956161306594897	0.00292016944359732	0.000986837889448524
mcuenta_corriente_ratioavg3	0.000956114185167541	0.00110776480435395	0.00253758314429621
mprestamos_personales_min3_lag3	0.000956105164787396	0.000239056637335747	0.000269137606213234
mrentabilidad_annual	0.000950382418529806	0.000889631525746701	0.00144821664295693
ctrx_quarter_ratiomax3	0.000949688065348938	0.000829873634284745	0.00151229702538865
mrentabilidad_annual_delta3	0.000941171645514459	0.000930248023070333	0.00251195099132352
mcomisiones	0.000935391408230027	0.00129611143808472	0.00185833109051995
mcomisiones_otras_max3_delta3	0.000924913510746186	0.00181357595855238	0.00148666487241596
mrentabilidad_annual_tend3	0.00091620296210699	0.00108759805504862	0.00180706678457457
mcuenta_debitos_automaticos	0.000913595057007086	0.00344108644532985	0.001153446883771
Visa_mpagominimo_tend3	0.000912172707603445	0.00163181024695608	0.0014994809489023
Master_mfinanciacion_limite	0.000909793083450032	0.00122567549688329	0.00216591692619222
ccaja_seguridad	0.000905328354194815	0.0038010565151799	0.000410114447563023
mv_Finiciomora_avg3	0.00089332244188278	0.00107861919964468	0.000256321529726889
mcuenta_corriente_ratiomax3_delta3	0.000892864385287076	0.00083548243523342	0.00143540056647058
mtransferencias_recibidas_avg3	0.00088586356587444	0.00183263647138378	0.00143540056647058
mcomisiones_mantenimiento_max3	0.000883638652634581	0.00148397518808921	0.00134568803106617
ctransferencias_recibidas_ratioavg3	0.000883476851878517	0.000684076750007914	0.00229407769105566
ctarjeta_visa_trx_delta3	0.000879151988142996	0.0013384118464396	0.00102528611890756
mrentabilidad	0.000875618601541097	0.000937154015935188	0.00152511310187499
cproductos_max3	0.000873071836501708	0.00196370248272631	0.00158919348430671
chomebanking_trx_avg3_delta3	0.000872710002519136	0.00115187465290221	0.00211465262024684
Master_fechaalta	0.000869272650721203	0.00131368947040084	0.00311430658618171
ctrx_quarter_min3_lag3	0.000865510878852663	0.00151600796352746	0.00253758314429621
Visa_msaldopesos_ratioavg3	0.000864816076316518	0.00136610794135743	0.0020762043907878
mv_fechaalta_delta3	0.000860985581816236	0.0004302449353277	0.000589539518371846
Master_Fvencimiento_max3_lag3	0.00085908717946213	0.000822274741051636	0.0020762043907878
Visa_mpagominimo	0.00085816803850097	0.00271045159880585	0.00287080113294116
cliente_edad_max3	0.00085757592515282	0.00169075211300294	0.00202494008484243
mrentabilidad_avg3_lag3	0.00085596500699176	0.000690773584843393	0.00157637740782037
ccomisiones_mantenimiento_delta3	0.000852536894092378	0.000592867363837957	0.000384482294590334
Master_Fvencimiento_avg3_delta3	0.000851797304894784	0.000855525544324335	0.00157637740782037
mcomisiones_otras_avg3_delta3	0.000851622754199805	0.000776898954085835	0.0013841362605252
Master_Fvencimiento_min3	0.000851436140288643	0.000765288966230254	0.00187114716700629
ctrx_quarter_avg3_delta3	0.0008497664007171	0.000876219481766101	0.00157637740782037
mactivos_margen_min3_delta3	0.000849324215110141	0.000852797732093924	0.00157637740782037
Visa_Fvencimiento_min3	0.000848636416160287	0.00105778084356359	0.00194804362592436
mrentabilidad_annual_tend3_delta3	0.000846066387096295	0.000869279831287322	0.00167890601971113
mrentabilidad_annual_ratioavg3	0.000846022023095535	0.00148847792428648	0.00214028477321953
mpagomiscuentas	0.000843545254018873	0.00301133418191207	0.00110218257782562
mv_Fvencimiento_max3_lag3	0.000843374220840284	0.00104786300942022	0.00190959539646533
tcallcenter_avg3_delta3	0.000842673722259546	0.00347022638319596	0.000768964589180668
mcomisiones_mantenimiento_ratioavg3	0.000838198159335206	0.00186746712184061	0.00162764171376575
Visa_cconsumos_min3_delta3	0.00083590660945789	0.00133840617959644	0.00112781473079831
mcomisiones_ratiomax3	0.000833637586853353	0.000766474881953466	0.00181988286106091
mactivos_margen_avg3_delta3	0.00083303291136403	0.000882710249577565	0.00157637740782037
chomebanking_trx_max3_delta3	0.000832511763821556	0.00137590230700891	0.00169172209619747
mcomisiones_mantenimiento	0.000831628758621923	0.00222426496157845	0.000999653965934869
ccomisiones_otras_avg3_lag3	0.000830982686363407	0.00181605700552154	0.00225562946159663
mcomisiones_mantenimiento_delta3	0.000829160242655057	0.00164229459369298	0.000922757507016802
mcaja_ahorro_dolares_ratioavg3	0.00082897313047151	0.00195071905815567	0.00253758314429621
mcaja_ahorro_dolares_ratiomax3_delta3	0.000827657153920405	0.00174967800885543	0.00160200956079306
mcomisiones_avg3_lag3	0.000823316229398975	0.000775640399736658	0.00183269893754726
chomebanking_trx_tend3_delta3	0.000822788783388781	0.00122605603398764	0.00132005587809348
mrentabilidad_annual_tend3_lag3	0.000821676771356183	0.00132553849600428	0.00166608994322478
mcuenta_corriente_ratiomax3_lag3	0.000821255276972291	0.00059329632669295	0.00153792917836134
ccomisiones_otras_ratioavg3	0.000812389846624735	0.000885025584314904	0.00142258448998424
mv_fechaalta	0.000810078887213212	0.00163244407477745	0.00235815807348738
mactivos_margen_ratiomax3_delta3	0.000809066110855018	0.00181671384416059	0.00174298640214285
mv_msaldopesos_max3	0.00080797013340587	0.00174187888716398	0.00270419213861868
mcomisiones_mantenimiento_ratiomax3	0.000806898594601804	0.00238255328540609	0.00108936650133928
Visa_mpagominimo_avg3	0.000806839537691166	0.00200588337220726	0.00225562946159663
ctarjeta_visa_debitos_automaticos_avg3_delta3	0.000798499475637373	0.00188888590003935	0.001153446883771
mpasivos_margen_ratiomax3	0.000796872050818376	0.000502082132292434	0.00160200956079306
mv_mfinanciacion_limite_ratioavg3	0.000795524921049411	0.000350216058990771	0.000358850141617645
mv_fechaalta_lag3	0.000793659653733294	0.00160018222149751	0.00306304228023633
Visa_mpagominimo_max3	0.00079141862908666	0.00248552188630152	0.0033706281159086
ctrx_quarter_ratiomax3_delta3	0.00079132046350492	0.000826015544427606	0.00185833109051995
mrentabilidad_annual_max3	0.000789284673627656	0.000759329507895712	0.0014994809489023
chomebanking_trx_max3	0.000788526826292437	0.00140105021145226	0.00156356133133403
Visa_fechaalta_tend3_delta3	0.000786475076451694	0.000985197683971916	0.000756148512694324
mcaja_ahorro_dolares_delta3	0.000784222641476571	0.00171814838040082	0.0016148256372794
mrentabilidad_annual_avg3	0.000783805901728289	0.000711395913994313	0.00162764171376575
Visa_fechaalta_ratioavg3	0.000783366104382156	0.00138193406052438	0.00294769759185923
mcaja_ahorro_dolares_min3_delta3	0.000783051080336541	0.000670775295330202	0.000730516359721635
chomebanking_trx_avg3_lag3	0.000782869989109508	0.00099182256707151	0.00190959539646533
mrentabilidad_annual_min3_delta3	0.000782792180207589	0.000560416615786	0.00125597549566176
chomebanking_trx_ratioavg3	0.000780603569050655	0.00078238016520214	0.00160200956079306
cproductos_delta3	0.00077942000237361	0.000728182133770655	0.000589539518371846
chomebanking_trx	0.000779401739045773	0.00132905399943399	0.00181988286106091
mcuenta_corriente_max3_delta3	0.000778054733912489	0.00138090956396998	0.00121752726620272
mcaja_ahorro_ratiomax3_delta3	0.000772354029331503	0.000853468308534576	0.00187114716700629
cliente_antiguedad_lag3	0.000769916558506863	0.00128281444819253	0.0019608597024107
Visa_fechaalta_avg3_delta3	0.000768065701838124	0.00117996433583591	0.00167890601971113
mcaja_ahorro_min3_lag3	0.000765927210442495	0.00160890349312143	0.00299896189780461
Visa_mpagominimo_ratioavg3_lag3	0.000761510873121938	0.000666445998878146	0.00170453817268381
Master_Fvencimiento	0.000758069739276659	0.00075428138097488	0.00160200956079306
mcomisiones_max3_delta3	0.000755373227430109	0.00133848774779345	0.00135850410755251
mcomisiones_min3_lag3	0.000754163971179778	0.000781377477407783	0.00175580247862919
mcuentas_saldo_avg3_delta3	0.000752429005914224	0.000593361237805515	0.00111499865431197
Visa_mpagospesos_max3_lag3	0.000750825083859313	0.0014895060270138	0.00247350276186448
mpasivos_margen_tend3	0.000749844948864949	0.000615939314736867	0.00121752726620272
chomebanking_trx_ratioavg3_delta3	0.000749282646663862	0.000818643840088474	0.00174298640214285
ccajas_trx_ratioavg3	0.000748298487696847	0.00170627995015262	0.000961205736475835
Master_fechaalta_ratioavg3_delta3	0.000746625443736356	0.00126077094346598	0.00221718123213759
mcaja_ahorro_dolares_ratiomax3	0.000741586447193499	0.00241551662518029	0.00206338831430146
ctrx_quarter_normalizado_ratiomax3_delta3	0.000739292507399325	0.000474397027615886	0.00119189511323004
Visa_fechaalta_ratioavg3_lag3	0.00073314440785923	0.00123889383786132	0.00235815807348738
mv_Finiciomora_max3	0.000722575186354882	0.00116702212467006	0.000179425070808823
ctarjeta_visa_trx_avg3_delta3	0.00072133105950849	0.000878276889278381	0.0010381021953939
mtarjeta_visa_debitos_automaticos_delta3	0.000721087502645441	0.00105317490213179	0.000961205736475835
ccaja_ahorro_max3_delta3	0.000714188315468716	0.00466773560890162	0.000333217988644956
mv_mfinanciacion_limite_avg3_lag3	0.000711812441892811	0.000845482524463876	0.00169172209619747
Master_fechaalta_ratioavg3_lag3	0.000711452510029125	0.00141729378806536	0.00205057223781512
Master_fultimo_cierre_ratiomax3_delta3	0.000711052751124626	0.000949272302450009	0.00214028477321953
thomebanking	0.000708980411195417	0.00138971188862334	0.00060235559485819
mcomisiones_otras_delta3	0.000708535575509497	0.000748171493712806	0.00190959539646533
mrentabilidad_min3_lag3	0.000705592659588247	0.000727957348991958	0.00148666487241596
mrentabilidad_annual_avg3_lag3	0.000704136117209599	0.000878715983762054	0.0016148256372794
Visa_fechaalta	0.000702166196176244	0.00169765329763723	0.00288361720942751
Visa_fechaalta_max3_lag3	0.000701992397050281	0.00150781250625982	0.00306304228023633
Visa_fechaalta_avg3	0.000701921665661471	0.00184479837541869	0.00229407769105566
ctrx_quarter_normalizado_avg3_delta3	0.000699496305131292	0.000605074602618144	0.00116626296025735
chomebanking_trx_max3_lag3	0.000696103836829036	0.000716742322932408	0.00142258448998424
mtransferencias_emitidas_max3	0.000696056483417302	0.00246879181978922	0.00365258179860817
Master_fechaalta_lag3	0.000693060647216929	0.00183292427832733	0.00285798505645482
mcomisiones_otras_avg3_lag3	0.000687591705074365	0.00104507389225016	0.00151229702538865
mrentabilidad_annual_avg3_delta3	0.000686738385685143	0.000703978531464858	0.00142258448998424
mv_Fvencimiento_tend3	0.000682004125821992	0.000458572969119178	0.000512643059453779
cprestamos_personales_ratioavg3	0.000681114547653352	0.00142619897450821	0.000474194829994745
Visa_fechaalta_lag3	0.000680730095541109	0.00145770250113977	0.00237097414997373
mrentabilidad_annual_lag3	0.000680104323074219	0.000808124977125058	0.00217873300267856
mv_mfinanciacion_limite_min3_lag3	0.000677485332572143	0.000836204700152596	0.00158919348430671
ccaja_ahorro_avg3_delta3	0.000675394415395143	0.00105683860209627	0.000294769759185923
Visa_cconsumos_max3_lag3	0.000674390654295835	0.000541765661164833	0.00128160764863445
mcuentas_saldo_tend3_delta3	0.000674356444818179	0.000989845869143636	0.00178143463160188
Master_fechaalta_min3_lag3	0.000673062240311269	0.00110427248346443	0.00257603137375524
Visa_mfinanciacion_limite_max3	0.00067248526042901	0.00119911534643535	0.00146103271944327
Master_Fvencimiento_ratioavg3_delta3	0.000669670713758795	0.000673174087212268	0.00171735424917016
Visa_Fvencimiento_max3	0.000668495515587537	0.000558024864527254	0.00135850410755251
Visa_fultimo_cierre_min3	0.00066799685651334	0.000970247864824596	0.0012687915721481
ctrx_quarter_min3_delta3	0.000667812436925316	0.000688494655280296	0.00160200956079306
mcaja_ahorro_ratioavg3_lag3	0.000666659227821344	0.000594813151712228	0.00171735424917016
Master_fechaalta_avg3_delta3	0.00066465059472426	0.000568471088864704	0.00120471118971638
Visa_msaldopesos_min3	0.000664227651568951	0.00185714213360229	0.00372947825752624
mcomisiones_otras_ratioavg3	0.000661131643367728	0.000734965516756222	0.00160200956079306
mcomisiones_otras_min3_delta3	0.000656821397560899	0.000600001919376951	0.00144821664295693
mactivos_margen_max3	0.000655937329165694	0.00136017492829097	0.00206338831430146
mcomisiones_otras_max3	0.000652840794821803	0.00105477140640035	0.00139695233701155
cliente_antiguedad_ratioavg3_lag3	0.000650097632157383	0.00112602835296996	0.00175580247862919
mactivos_margen_max3_delta3	0.000646952426647922	0.000625371861038679	0.00146103271944327
mcuenta_corriente_avg3_lag3	0.000645033644710792	0.000655773444259318	0.00144821664295693
ccallcenter_trx_max3_delta3	0.000643172766216235	0.00124410819218152	0.00085867712458508
mpayroll_min3_delta3	0.000641456814877507	0.00209645532438293	0.00132005587809348
chomebanking_trx_ratiomax3	0.000638816624873766	0.000491415759684326	0.00152511310187499
cliente_antiguedad_ratioavg3_delta3	0.000638172880179526	0.00123736396193052	0.00174298640214285
Master_fechaalta_ratioavg3	0.000632053779603865	0.00105443483026113	0.002306893767542
mrentabilidad_min3_delta3	0.000629883868404091	0.000971776023530195	0.00146103271944327
mcomisiones_ratioavg3	0.000629495583624631	0.000692515022918848	0.00120471118971638
cprestamos_personales	0.000629274066319581	0.00121027490612094	0.000294769759185923
tcallcenter_ratioavg3	0.000628490329291745	0.000939442733681926	0.00146103271944327
ctarjeta_visa_trx_min3_delta3	0.000627848285178831	0.000807037114960773	0.000999653965934869
mcomisiones_max3_lag3	0.000624802729770019	0.000615604112377801	0.0012687915721481
mrentabilidad_delta3	0.00062464246466753	0.000918885487366091	0.00176861855511554
ctransferencias_recibidas_ratioavg3_delta3	0.000624478258439933	0.000919508840113739	0.00189677931997898
mactivos_margen_ratioavg3	0.000622515985436197	0.000677936639582317	0.00162764171376575
ctrx_quarter_max3_delta3	0.000621581773217082	0.000952720834096916	0.00129442372512079
mactivos_margen_tend3_delta3	0.000620893148878839	0.000531487724896995	0.00137132018403886
cproductos_avg3	0.000620449747409195	0.00182767317538784	0.00179425070808823
mprestamos_personales_avg3_lag3	0.000620301796636057	0.000450195657702848	0.000397298371076679
mactivos_margen_ratiomax3	0.000618548052225391	0.00115976581786438	0.00147384879592961
ccaja_seguridad_lag3	0.000616461824510122	0.00155178755262987	0.000346034065131301
mv_mfinanciacion_limite	0.000613286692017367	0.000720232067984119	0.00151229702538865
ccomisiones_otras_ratioavg3_lag3	0.000612671841547439	0.000991137737661697	0.00156356133133403
Visa_fultimo_cierre_avg3_lag3	0.000609032560711551	0.000620762141711441	0.00116626296025735
Visa_mpagospesos_tend3_lag3	0.00060685997588774	0.000803292018521803	0.0014994809489023
Visa_mpagominimo_min3_lag3	0.000605706709305705	0.00100796173639244	0.00174298640214285
mcomisiones_min3	0.000605626501392305	0.000541963485507888	0.00124315941917541
Visa_fechaalta_min3	0.000605280554426165	0.00123764489997326	0.00175580247862919
mactivos_margen_delta3	0.000602865023472692	0.000817380992676296	0.00170453817268381
mrentabilidad_tend3	0.000602196811619327	0.00065026304031461	0.00139695233701155
mrentabilidad_tend3_delta3	0.00060143011800133	0.000658497478594289	0.00146103271944327
mplazo_fijo_dolares_ratiomax3	0.000601168324229778	0.00253899954176155	0.000410114447563023
mv_status06_ratioavg3	0.000600758298440975	0.00066547130185455	0.000563907365399157
cliente_antiguedad_min3	0.00059974520942347	0.00117757172596456	0.00205057223781512
Visa_Fvencimiento_lag3	0.000597871371403409	0.000689333004623001	0.00128160764863445
mpayroll_min3_lag3	0.00059758378493284	0.00160196367092013	0.00170453817268381
mvr_Visa_mlimitecompra	0.000596509762124275	0.000670513075042141	0.00135850410755251
mcomisiones_tend3_delta3	0.000595653386578748	0.00074783714996634	0.00143540056647058
Visa_Fvencimiento_ratioavg3	0.000594989650515604	0.000815015343240592	0.00114063080728466
mcaja_ahorro_dolares_ratioavg3_lag3	0.000594444224384386	0.0010862988024622	0.00155074525484768
ctrx_quarter_ratiomax3_lag3	0.000594354219535428	0.000764437737698548	0.00116626296025735
ccuenta_debitos_automaticos_ratiomax3	0.000593775075630982	0.00155463660095942	0.000961205736475835
Visa_mpagospesos_ratiomax3_delta3	0.000593449146585952	0.00189710900463271	0.00157637740782037
Visa_mconsumospesos_min3_delta3	0.000593018239474746	0.000737681995300313	0.00123034334268907
ccomisiones_mantenimiento_avg3	0.00059175423507508	0.00232363649084716	0.000653619900803568
ccallcenter_trx_avg3_delta3	0.00059119800504461	0.00256863816182577	0.00132005587809348
mtarjeta_visa_consumo_tend3	0.000590744999407008	0.000973044537785533	0.000884309277557768
cliente_antiguedad	0.000590321501773599	0.00111978915865032	0.00187114716700629
mcaja_ahorro_max3_lag3	0.000587984679901983	0.000949719467892123	0.00180706678457457
mvr_Master_mlimitecompra	0.000586152962042785	0.00081214826404645	0.0014994809489023
mpasivos_margen_max3_delta3	0.000584734692563224	0.00114311508715633	0.00130723980160714
mvr_mpagominimo	0.000584234340730164	0.00317996054488955	0.00211465262024684
mtarjeta_visa_consumo_delta3	0.000584178276571577	0.000918284973713604	0.00102528611890756
mcomisiones_mantenimiento_avg3	0.000583587064052227	0.00158506703356342	0.00106373434836659
Visa_cconsumos_avg3_delta3	0.000582343667347434	0.000985414226069653	0.00130723980160714
ctrx_quarter_normalizado_ratioavg3_lag3	0.000581733151559307	0.00110426492767355	0.00143540056647058
mrentabilidad_max3_delta3	0.000580985572147331	0.000865105771993359	0.0012687915721481
mcuentas_saldo_ratioavg3_lag3	0.000578595740104168	0.000509948569211724	0.00147384879592961
mrentabilidad_avg3_delta3	0.000576619353895236	0.00051917384643188	0.00133287195457983
Visa_mconsumospesos	0.00057553378994415	0.00069666744517529	0.00176861855511554
chomebanking_trx_min3_lag3	0.000575328032877571	0.000637817965844205	0.00128160764863445
mv_mpagospesos_delta3	0.000574572760906748	0.00061571950991125	0.000807412818639702
cmobile_app_trx_max3	0.000570550945304296	0.000507944395680649	0.00128160764863445
cproductos_ratiomax3_delta3	0.000566653029336757	0.00122501213278848	0.000640803824317224
cliente_antiguedad_ratioavg3	0.000565966810277348	0.0011906734673515	0.00152511310187499
mrentabilidad_annual_ratiomax3_delta3	0.00056504862004023	0.000745825248921864	0.0017301703256565
Visa_fultimo_cierre_ratioavg3_lag3	0.000560973092245206	0.00240284453353842	0.000845861048098735
Visa_fechaalta_delta3	0.000560838494827574	0.000348103356827047	0.000551091288912812
mv_Fvencimiento_ratioavg3	0.000559812721599673	0.000597344169934705	0.00123034334268907
mv_mpagominimo_lag3	0.000559254818557096	0.00164269934367265	0.00102528611890756
mpagomiscuentas_avg3	0.000558955726534779	0.000611798226166746	0.000986837889448524
mv_Fvencimiento_ratioavg3_delta3	0.000558488698288702	0.000520531828120145	0.00124315941917541
mtarjeta_visa_debitos_automaticos_ratioavg3	0.000557691531082699	0.000779978625759754	0.00134568803106617
mcuenta_corriente_tend3_lag3	0.000554853645061047	0.00332144702219153	0.000845861048098735
mtransferencias_recibidas_max3_lag3	0.000554505960458227	0.000927051923527845	0.0013841362605252
mpasivos_margen_ratioavg3_delta3	0.000554457452294309	0.000680952945646351	0.00190959539646533
Master_fultimo_cierre_max3	0.00055274368279723	0.00158912432154377	0.00120471118971638
Master_fultimo_cierre_ratioavg3_delta3	0.000551949806555369	0.000593830040285152	0.00156356133133403
mv_msaldopesos_ratioavg3_lag3	0.000551412242695428	0.000527321908283992	0.00112781473079831
mcomisiones_ratioavg3_lag3	0.00055085501056385	0.000535919539693499	0.0014994809489023
mpayroll_sobre_edad_min3_delta3	0.000550833742381305	0.0015147779151166	0.00106373434836659
Master_fechaalta_avg3	0.000549086327038065	0.000940935517548402	0.0021915490791649
ctrx_quarter_normalizado_tend3_lag3	0.000546711200884959	0.0014432712840029	0.00112781473079831
mactivos_margen_ratioavg3_lag3	0.00054562511847564	0.000526829579819114	0.00156356133133403
Visa_cconsumos_avg3	0.000545612468719394	0.000504256482840842	0.00125597549566176
Visa_mconsumospesos_ratioavg3_lag3	0.000545176741071128	0.00057306037321206	0.00110218257782562
chomebanking_trx_lag3	0.000545147812827439	0.000733710740302484	0.00205057223781512
Visa_mpagominimo_min3	0.000544621983358878	0.00240313920938277	0.0029092493624002
Visa_mconsumospesos_min3_lag3	0.000543469524912519	0.000560959430671762	0.00125597549566176
mrentabilidad_annual_min3_lag3	0.000540912749165209	0.000685103478955073	0.00135850410755251
mcomisiones_max3	0.000540240450283445	0.00135798409238064	0.00144821664295693
ctransferencias_recibidas_avg3	0.000538258550996279	0.00162655931573912	0.00197367577889705
Visa_msaldototal_tend3	0.000537727413749118	0.000618468787456663	0.000961205736475835
internet_ratioavg3_delta3	0.000537565026244308	0.00370375630294759	0.000884309277557768
internet_delta3	0.000537510756442521	0.000524577438969139	0.000730516359721635
mvr_msaldopesos2_lag3	0.000537340770945264	0.000745171501288174	0.00179425070808823
mv_msaldopesos_ratiomax3_lag3	0.000536755658737256	0.000758104267715417	0.00144821664295693
mvr_mpagominimo_delta3	0.000536318731922841	0.00107698663364692	0.00121752726620272
mv_msaldototal_ratiomax3_delta3	0.000534659058138442	0.000828838662656625	0.00137132018403886
Visa_cconsumos_min3	0.000533938643602846	0.00102202117427349	0.00156356133133403
Visa_cconsumos_avg3_lag3	0.000532924798035889	0.000448941396416671	0.00110218257782562
mcaja_ahorro_dolares	0.000531810243670851	0.000783204261575684	0.000948389659989491
Visa_mpagospesos_tend3	0.000531765997154163	0.0007266903802393	0.00142258448998424
mpasivos_margen_delta3	0.000530974407272311	0.000585852155450373	0.00135850410755251
mpayroll_ratiomax3_delta3	0.000530924113119955	0.00211550862486849	0.00123034334268907
mvr_mpagominimo_lag3	0.000530690538020537	0.00125023078691008	0.00148666487241596
mv_Fvencimiento_lag3	0.0005297603155114	0.000631162172691008	0.00139695233701155
Master_fultimo_cierre_min3	0.00052919248422155	0.00109984753756873	0.00144821664295693
mtransferencias_emitidas_avg3	0.000528253683119099	0.00190727446264993	0.00271700821510503
mvr_msaldopesos_delta3	0.000525684448229045	0.00156515632253543	0.0010381021953939
mautoservicio_ratioavg3	0.000525476292130627	0.00109199397983844	0.00139695233701155
mv_msaldototal_ratioavg3	0.000524795263415048	0.00073765125696923	0.00137132018403886
mtransferencias_recibidas_ratiomax3_delta3	0.000524794241740557	0.00060385949406653	0.00142258448998424
mtarjeta_visa_debitos_automaticos_ratioavg3_lag3	0.000524642123781733	0.000972916604508123	0.00158919348430671
mrentabilidad_ratioavg3	0.000524492059508123	0.000494541452993609	0.0012687915721481
mrentabilidad_ratioavg3_lag3	0.000521431072617279	0.000756364718587682	0.00132005587809348
mv_status02_delta3	0.000517471955311926	0.000279870100389834	0.000307585835672267
mactivos_margen_avg3_lag3	0.000515503410633724	0.000515220107131093	0.001153446883771
Visa_mfinanciacion_limite_ratioavg3	0.000515110912998147	0.00400498061386864	0.000474194829994745
ctarjeta_visa_debitos_automaticos_avg3_lag3	0.000511688568606817	0.00249513920603486	0.00102528611890756
mcuentas_saldo_avg3_lag3	0.000510680607251263	0.000788638764166546	0.00146103271944327
mv_msaldopesos_max3_delta3	0.000510041746053916	0.000652531323081466	0.000922757507016802
ctransferencias_emitidas_max3_delta3	0.00050755068768904	0.00338458578662751	0.001153446883771
ctrx_quarter_tend3	0.000500976633637863	0.000863143327034646	0.00123034334268907
ccallcenter_trx_tend3	0.000500825247280772	0.000806721145523949	0.000538275212426468
mcuentas_saldo_min3_lag3	0.00049997637834205	0.000680363250512625	0.00124315941917541
Visa_msaldopesos_avg3	0.000499430535782272	0.000945404596131748	0.00165327386673844
mcaja_ahorro_dolares_avg3_delta3	0.000499357265460836	0.000611954321937438	0.001153446883771
mv_Fvencimiento_max3	0.000499145428038472	0.00049236693072268	0.00107655042485294
mtransferencias_recibidas_ratioavg3_delta3	0.000498461634460514	0.00057228264191892	0.00148666487241596
ccomisiones_otras_ratioavg3_delta3	0.000495264559982668	0.000829725437749974	0.00143540056647058
mtransferencias_emitidas_ratiomax3	0.000493937737105937	0.000807031448117613	0.00128160764863445
Visa_msaldototal_avg3	0.000493203190186513	0.00050680415814776	0.00123034334268907
ctrx_quarter_tend3_lag3	0.00049296738074954	0.00169833486431916	0.0010381021953939
Visa_Fvencimiento_ratioavg3_lag3	0.000492187974332141	0.00084591766932959	0.00119189511323004
mcaja_ahorro_max3_delta3	0.000491150795836887	0.000800887216351536	0.00124315941917541
ctarjeta_master_descuentos_delta3	0.000487537486672081	0.000375227444030712	0.000333217988644956
mvr_Master_mlimitecompra_lag3	0.000487106749820872	0.000519137956425197	0.00105091827188025
mcaja_ahorro_dolares_lag3	0.000486645222020854	0.000705049564822181	0.001153446883771
Master_msaldototal	0.000485510997612392	0.00146990716408216	0.00158919348430671
mcuenta_corriente_tend3_delta3	0.000484805991802641	0.000776138223322176	0.00114063080728466
Visa_mpagospesos_ratioavg3	0.000484592230059288	0.000781460075939909	0.0017301703256565
ctrx_quarter_ratioavg3_lag3	0.000483897350093336	0.000786581700099306	0.00125597549566176
mtarjeta_visa_debitos_automaticos_min3_delta3	0.000482336276076305	0.00112584873121403	0.000833044971612391
mv_Finiciomora_ratiomax3	0.000481542802942773	0.000686762661943442	0.000128160764863445
mv_msaldototal_tend3_delta3	0.000478920655528947	0.000848287611828294	0.00112781473079831
mv_msaldopesos_ratiomax3	0.000478029893989695	0.000599489155932191	0.00119189511323004
Visa_mpagominimo_tend3_delta3	0.000476458968346401	0.000529641879529372	0.00107655042485294
mv_Fvencimiento_min3	0.000476260942503638	0.000608685583768985	0.00101247004242121
mcaja_ahorro_avg3_delta3	0.00047497266092062	0.000659128043687778	0.0012687915721481
Visa_mpagospesos_avg3_delta3	0.000474011313357892	0.00086872671305036	0.00105091827188025
mcuenta_corriente_lag3	0.000473845331177595	0.000495835725626949	0.0010381021953939
Master_fultimo_cierre_ratioavg3	0.000471856346082382	0.000411781329975868	0.00111499865431197
Visa_mconsumospesos_tend3_lag3	0.000471667039310446	0.000837859074910405	0.00120471118971638
mcuenta_corriente_max3_lag3	0.000470042695614163	0.000926812542334946	0.000935573583503146
mv_Finiciomora_min3	0.000466034610697287	0.000701366460212935	0.000179425070808823
cmobile_app_trx_ratiomax3_delta3	0.000465830736893568	0.000880682721783767	0.00123034334268907
mv_status07_max3_delta3	0.000463330886293768	0.000492224057586029	0.000346034065131301
mvr_msaldopesos_lag3	0.000460276311237145	0.000939916859559683	0.0012687915721481
mcomisiones_ratioavg3_delta3	0.000458268947799176	0.000402236820591007	0.00116626296025735
mv_status06_avg3	0.000458225062572566	0.000139499819467943	0.000320401912158612
tcallcenter	0.000457990402833021	0.000910487054079799	0.000743332436207979
cmobile_app_trx_ratioavg3_delta3	0.000457870066909568	0.000752421454360616	0.00121752726620272
mtransferencias_recibidas_min3	0.00045740952457914	0.00212738821708049	0.000884309277557768
mautoservicio_avg3_lag3	0.000456558955598539	0.000713761563430017	0.00169172209619747
mpasivos_margen_ratiomax3_delta3	0.000455833637413916	0.000578633627599093	0.00156356133133403
mv_fultimo_cierre	0.00045464173319584	0.000573705534719751	0.00106373434836659
mpasivos_margen_min3_delta3	0.000454400029101162	0.00044210323394722	0.00114063080728466
mactivos_margen_lag3	0.000454072696209173	0.000830865160115302	0.00188396324349264
mrentabilidad_ratioavg3_delta3	0.000453190922189887	0.000433343839923861	0.00112781473079831
Visa_mpagospesos_ratiomax3_lag3	0.000453027437949088	0.000540102700281024	0.00119189511323004
ctrx_quarter_tend3_delta3	0.000452083889199663	0.000636950938840657	0.00117907903674369
mplazo_fijo_dolares_ratioavg3	0.000452082681540353	0.00222250738158611	0.000320401912158612
mv_msaldopesos_avg3_lag3	0.000451572568135519	0.00106252261750872	0.0010381021953939
Visa_msaldopesos_tend3	0.000451458801498339	0.00091770970327156	0.000820228895126046
ctarjeta_visa_trx_max3_lag3	0.000449585100696139	0.00120892001543803	0.0013841362605252
ctrx_quarter_normalizado_delta3	0.000449489507539947	0.000578172552632857	0.00124315941917541
chomebanking_trx_ratioavg3_lag3	0.000446903600400566	0.000694025322482365	0.00120471118971638
mvr_mpagospesos	0.000443485727399582	0.00104957937600775	0.00123034334268907
mtransferencias_recibidas_max3_delta3	0.000440630418649452	0.000912771993931097	0.00116626296025735
ctransferencias_recibidas_avg3_lag3	0.000439959574509551	0.00149880617525268	0.0013841362605252
cpagomiscuentas_ratiomax3	0.00043902497038897	0.000953388834699768	0.00119189511323004
mv_msaldototal_avg3_delta3	0.000437245595639919	0.000872247711600713	0.00121752726620272
mcuentas_saldo_lag3	0.000437120218160767	0.000554321496660647	0.00147384879592961
ccallcenter_trx_avg3	0.000437022889510122	0.00235412170293504	0.00155074525484768
chomebanking_trx_min3_delta3	0.000435246276434462	0.000672804883794239	0.00120471118971638
mtarjeta_visa_debitos_automaticos_max3_lag3	0.00043504801552368	0.000374504492221456	0.000833044971612391
mtarjeta_master_consumo_min3	0.000434988035944379	0.000872695735655428	0.000384482294590334
mplazo_fijo_dolares_avg3_delta3	0.000433118813727794	0.00340270474488168	0.000474194829994745
mpayroll_tend3	0.00043285815924005	0.00222531899440629	0.000807412818639702
Visa_fultimo_cierre_avg3_delta3	0.000432732294252992	0.000527742800180545	0.00114063080728466
Visa_cconsumos_min3_lag3	0.000428645424702323	0.000359844025520358	0.000589539518371846
Master_mfinanciacion_limite_tend3_delta3	0.000427351164218747	0.00410382237916311	0.00048701090648109
tmobile_app_avg3_delta3	0.000424430605651987	0.00126336189284794	0.000935573583503146
mcomisiones_mantenimiento_lag3	0.000422824974682763	0.00176030385494881	0.000909941430530457
mtarjeta_visa_debitos_automaticos_avg3_lag3	0.000422048229217822	0.000345787678644668	0.000871493201071424
Visa_msaldototal_max3_delta3	0.000421585295944025	0.000373950000204333	0.000999653965934869
mpayroll_sobre_edad_tend3	0.000421102676212498	0.00220924061485744	0.000948389659989491
Visa_Fvencimiento_ratioavg3_delta3	0.000420249119917207	0.000484748632844809	0.001153446883771
mtransferencias_emitidas_max3_delta3	0.000418935839790319	0.00129518997504233	0.00147384879592961
ctarjeta_debito_trx_ratiomax3	0.000418733913888842	0.000759806896501349	0.00120471118971638
mv_Fvencimiento_ratioavg3_lag3	0.000418348698245121	0.000322544005225744	0.000948389659989491
mautoservicio_avg3	0.000416852988263211	0.000764087080312681	0.00222999730862394
Master_msaldototal_avg3_lag3	0.00041683480105561	0.000870866375649726	0.00133287195457983
mpasivos_margen_avg3_lag3	0.000416354954600922	0.0005573302469338	0.000986837889448524
Visa_Fvencimiento_max3_lag3	0.000415823487059737	0.000571266388045481	0.00112781473079831
ccomisiones_mantenimiento_max3_delta3	0.000415140409220799	0.000494201270681462	0.000346034065131301
Visa_mconsumospesos_avg3_delta3	0.000410360367479712	0.000496913627885073	0.00119189511323004
mtransferencias_recibidas_lag3	0.000409410146313829	0.00115577378444163	0.00107655042485294
mcomisiones_mantenimiento_tend3	0.000407450279315975	0.00115380738986496	0.00060235559485819
mcaja_ahorro_avg3_lag3	0.000406038332573614	0.00083019406850709	0.00144821664295693
mv_msaldopesos_tend3	0.000405338822081458	0.00110516475367842	0.000807412818639702
ccajas_otras_ratioavg3	0.000405320324297147	0.00283347120802811	0.00037166621810399
mv_msaldopesos_ratioavg3	0.000404964473787677	0.000778941936906434	0.00105091827188025
ccomisiones_mantenimiento_tend3	0.000402737094807206	0.000667039471907312	0.000294769759185923
mpayroll_max3_lag3	0.000402733850888507	0.000918078563244548	0.00134568803106617
mv_msaldototal_ratiomax3	0.000401820186209614	0.000615609264053402	0.00123034334268907
Visa_mpagospesos_max3	0.000400724905353311	0.00178089218304077	0.00317838696861343
mv_mpagominimo_delta3	0.000400674874282744	0.00108094243361794	0.00110218257782562
mtarjeta_visa_debitos_automaticos_tend3	0.000398892076220628	0.000882071098358075	0.000666435977289912
Visa_cconsumos_ratioavg3	0.000398587599763991	0.00061906432115607	0.00144821664295693
Visa_msaldopesos_min3_delta3	0.000388868053780734	0.000391526143572736	0.000897125354044113
ccomisiones_otras_avg3_delta3	0.000388799199530226	0.000552919210562218	0.00114063080728466
ccajas_trx_avg3	0.000387044837504252	0.00300887975193352	0.00123034334268907
Master_msaldopesos_ratioavg3	0.000385055744406536	0.000833909113505058	0.000961205736475835
mcaja_ahorro_tend3_lag3	0.000383875627295333	0.000827798539352904	0.00119189511323004
Visa_mpagospesos_ratiomax3	0.000383625079138166	0.000908032452378729	0.00134568803106617
mcuentas_saldo_ratiomax3_lag3	0.00038265693242391	0.000427899720871878	0.00108936650133928
chomebanking_trx_ratiomax3_lag3	0.000381536538781098	0.000478167538987818	0.00102528611890756
cmobile_app_trx_max3_delta3	0.000381443323011478	0.000790863772858359	0.000986837889448524
ctransferencias_emitidas_avg3_delta3	0.000381238952180159	0.00133181409549817	0.000948389659989491
mtransferencias_emitidas_tend3	0.000379465391477905	0.00150517055528942	0.000871493201071424
Visa_cconsumos_max3	0.0003772031152581	0.000495703671009059	0.00101247004242121
Visa_Fvencimiento_delta3	0.000375728670384426	0.000456141206513269	0.000397298371076679
Visa_mpagominimo_max3_delta3	0.000375407927765512	0.000588156843391472	0.00130723980160714
ctransferencias_recibidas_avg3_delta3	0.000375388643046937	0.000952748996590198	0.000999653965934869
Visa_mconsumospesos_avg3_lag3	0.000373778721616555	0.000292424390382968	0.000704884206748946
Visa_Fvencimiento_avg3_lag3	0.000373123543065965	0.000347197692256497	0.000845861048098735
ctarjeta_debito_trx_ratioavg3_lag3	0.000371371559067765	0.000608672189412423	0.00132005587809348
Visa_mconsumosdolares_min3_lag3	0.00037128441388841	0.000424920506872167	0.00085867712458508
ctarjeta_visa_debitos_automaticos_ratioavg3_delta3	0.000369686275449436	0.000633071555391036	0.00105091827188025
cpagomiscuentas_ratioavg3_delta3	0.000368652563806579	0.00117369646385542	0.00134568803106617
ctarjeta_debito_trx_ratioavg3	0.000367554825593019	0.000889090599808659	0.00128160764863445
Visa_delinquency_tend3	0.000364467485152451	0.00173706584837305	0.000307585835672267
Visa_mconsumospesos_ratiomax3_lag3	0.000364102436138857	0.000422176552724874	0.00116626296025735
Visa_mpagado_ratioavg3	0.000363878907301296	0.00123415755903683	0.000756148512694324
mcomisiones_ratiomax3_delta3	0.000361364438195647	0.00044197306827705	0.000986837889448524
ctrx_quarter_lag3	0.00036120557362001	0.000893806958820825	0.00226844553808297
mactivos_margen_tend3_lag3	0.000360558009619545	0.000477594157493494	0.000884309277557768
Master_mpagominimo_max3_lag3	0.000360169937610145	0.000918056067594427	0.00124315941917541
mcomisiones_mantenimiento_max3_lag3	0.000359786613826794	0.00171569498075739	0.001153446883771
ctrx_quarter_max3_lag3	0.000359533465578974	0.00124347556641779	0.00228126161456932
mpayroll_sobre_edad_delta3	0.000358639759846348	0.00113653073057146	0.000961205736475835
Visa_mpagominimo_ratiomax3	0.000356573149905312	0.000874737344695866	0.00181988286106091
Master_msaldototal_min3	0.000356007086261819	0.00143637731171444	0.000730516359721635
mcaja_ahorro_dolares_max3_delta3	0.000353463584420031	0.000685622252688034	0.0010381021953939
mvr_msaldototal_lag3	0.000352661552276708	0.00078805250348322	0.00085867712458508
mtarjeta_master_consumo_ratiomax3	0.000352372260103254	0.000779620069137966	0.000692068130262601
mcaja_ahorro_lag3	0.000351133709591107	0.00086577068159085	0.0017301703256565
thomebanking_tend3_delta3	0.000349252966737786	0.000273463133168136	0.000294769759185923
Visa_cconsumos_tend3	0.000347808180838925	0.00073675125924184	0.000884309277557768
Visa_msaldototal_max3_lag3	0.000346524604102946	0.000387049680921029	0.00111499865431197
Visa_msaldopesos_tend3_lag3	0.00034648042285011	0.000381442253752514	0.000871493201071424
mv_mfinanciacion_limite_avg3_delta3	0.000341057257039873	0.00085970406840382	0.000358850141617645
Visa_fultimo_cierre_ratioavg3	0.00034076233166726	0.000359841449682558	0.000820228895126046
ctransferencias_recibidas_ratiomax3_delta3	0.000340014892869424	0.000450428169994946	0.000999653965934869
ctrx_quarter_normalizado_tend3	0.000339688261357541	0.000351078621208798	0.000794596742153357
mcomisiones_mantenimiento_tend3_delta3	0.000339223454969452	0.00161183926132357	0.000807412818639702
cmobile_app_trx_tend3	0.000339001631138205	0.000967355542420012	0.00071770028323529
Visa_mpagospesos_tend3_delta3	0.00033896004243517	0.00054689209355479	0.000922757507016802
Visa_mpagominimo_avg3_delta3	0.00033653813639394	0.000400309578748898	0.00101247004242121
Visa_cconsumos_ratioavg3_delta3	0.000335717220060343	0.000542876534146799	0.00110218257782562
ctransferencias_recibidas_max3_lag3	0.000334908495462946	0.000987802542877998	0.00124315941917541
mpayroll_tend3_delta3	0.000333387588573433	0.00115444654108445	0.000743332436207979
Master_mpagospesos_avg3	0.000332573015736657	0.000964352974157579	0.00121752726620272
mrentabilidad_tend3_lag3	0.000332395564064234	0.000542751004984669	0.000909941430530457
ctrx_quarter_avg3_lag3	0.000330027282797278	0.000941059329485331	0.00176861855511554
mprestamos_personales_ratiomax3_lag3	0.000329854899966534	0.000601648910066399	0.00037166621810399
mtarjeta_visa_debitos_automaticos_tend3_delta3	0.000327868189000763	0.000546483222234639	0.000563907365399157
mcomisiones_otras_tend3	0.000327056449772378	0.000416517608800355	0.000999653965934869
Master_fultimo_cierre_tend3_delta3	0.000323942324245865	0.0037466652959134	0.000743332436207979
mtransferencias_emitidas_avg3_delta3	0.000323692720370752	0.000980966956246347	0.00108936650133928
mtransferencias_recibidas_avg3_delta3	0.00032366857301633	0.000514240258431897	0.000897125354044113
mactivos_margen_ratiomax3_lag3	0.00032348790570237	0.000443166196346103	0.00101247004242121
Visa_fultimo_cierre	0.000322478918525349	0.000648752912473613	0.000999653965934869
ctrx_quarter_normalizado_max3_delta3	0.000320285915924349	0.000512947359578717	0.000756148512694324
mtarjeta_visa_debitos_automaticos_ratiomax3_delta3	0.000319267145588258	0.000529697861070896	0.0010381021953939
mrentabilidad_ratiomax3_delta3	0.000317172874755302	0.000468536653175391	0.000871493201071424
cmobile_app_trx_avg3_delta3	0.00031634348786783	0.000312267271015547	0.00071770028323529
ctransferencias_recibidas_max3	0.00031573286997682	0.00169767235883695	0.00175580247862919
ctarjeta_debito_avg3_lag3	0.00031502580309818	0.000551347777781576	0.000640803824317224
Master_fechaalta_tend3	0.000314161863083633	0.000441521781494455	0.000563907365399157
mtarjeta_visa_debitos_automaticos_tend3_lag3	0.000313451777986912	0.000750217567538765	0.00071770028323529
mvr_msaldototal	0.000313239569332842	0.000549920076750185	0.00108936650133928
mcomisiones_min3_delta3	0.000312154138072246	0.000296617167431613	0.000743332436207979
mv_msaldototal_max3	0.000311960697870674	0.00167721522675029	0.00284516897996847
cplazo_fijo_ratiomax3	0.000310416665205739	0.00290277566954517	0.000333217988644956
mextraccion_autoservicio_max3_lag3	0.000308351479394676	0.000672871168686964	0.00123034334268907
Visa_mpagospesos_ratioavg3_delta3	0.000307936774515403	0.000527148983706339	0.000909941430530457
ctarjeta_visa_debitos_automaticos_ratiomax3	0.000306822272709798	0.000581519596270437	0.000871493201071424
Master_mpagominimo_delta3	0.000305067041943956	0.00212410745833564	0.00111499865431197
mactivos_margen_tend3	0.000304564282232832	0.000290124854117469	0.000807412818639702
ccallcenter_trx_delta3	0.000303748489400178	0.000798708916185167	0.000833044971612391
mtransferencias_emitidas_max3_lag3	0.00030326815672578	0.000903722388848915	0.00152511310187499
Visa_mconsumospesos_tend3	0.000301752987021631	0.000438037531563385	0.000999653965934869
ccajas_consultas_ratioavg3	0.000300648105837134	0.00107980271125262	0.000461378753508401
chomebanking_trx_tend3_lag3	0.000300173261607886	0.000676801553725029	0.000820228895126046
tpaquete9	0.000300123519413862	0.000589455409087813	0.000205057223781512
Visa_mlimitecompra_ratioavg3	0.000299072355548837	0.00203824825899922	0.000333217988644956
Visa_mconsumospesos_ratioavg3_delta3	0.000296850592049094	0.000484805301276413	0.000986837889448524
ctransferencias_recibidas	0.000296068842007883	0.000696738023131016	0.000961205736475835
ctarjeta_visa_debitos_automaticos_min3_lag3	0.000295099676405736	0.00104131729040235	0.00048701090648109
mcomisiones_ratiomax3_lag3	0.000294034994740053	0.000404581348156749	0.000871493201071424
ctrx_quarter_normalizado_tend3_delta3	0.000292859934329134	0.00046633276635354	0.000756148512694324
mvr_mpagospesos_delta3	0.000291382618447915	0.000640059459897939	0.000897125354044113
ctarjeta_visa_debitos_automaticos_ratioavg3_lag3	0.000291335316999585	0.000663163694630611	0.000807412818639702
Visa_mpagado_avg3_delta3	0.00029088287315911	0.00129795848550998	0.000743332436207979
Master_mpagominimo_min3	0.000288910424713398	0.00143572476613839	0.000525459135940123
mtransferencias_recibidas_min3_lag3	0.000288856752665806	0.000312329949735352	0.000756148512694324
cpayroll_trx_min3_delta3	0.000287857014992437	0.000826540500171287	0.000422930524049368
mtarjeta_visa_consumo_tend3_lag3	0.000287400906924274	0.000504177662204156	0.000756148512694324
Master_mpagominimo_max3_delta3	0.000287247949441952	0.00191563546042686	0.000909941430530457
mcuenta_debitos_automaticos_avg3_delta3	0.000284357849036815	0.00175309700422889	0.000679252053776257
Visa_cconsumos_tend3_delta3	0.000283606145426376	0.000343334279001237	0.000704884206748946
mtarjeta_visa_debitos_automaticos_max3_delta3	0.000282731948744844	0.000392619844302701	0.000640803824317224
mcomisiones_mantenimiento_avg3_lag3	0.000282308293802099	0.0010311731259776	0.000871493201071424
ctarjeta_visa_trx_ratiomax3_lag3	0.000281152564887869	0.000346384757846754	0.000807412818639702
ctransferencias_recibidas_ratioavg3_lag3	0.000280727062303562	0.000606191657610831	0.00105091827188025
mv_msaldototal_delta3	0.00028034844771349	0.00057807759007929	0.000692068130262601
mpayroll_sobre_edad_avg3	0.000280204774362612	0.00124273544235654	0.00160200956079306
Master_mlimitecompra_max3_delta3	0.00027927384472588	0.00227848600382761	0.000422930524049368
mtarjeta_visa_consumo_ratioavg3_lag3	0.000278984125241954	0.000696476489733036	0.00085867712458508
Visa_mpagado_max3	0.000277437146906442	0.000522224496999916	0.000384482294590334
ccomisiones_mantenimiento_max3	0.000277151284312916	0.00106813725702307	0.000435746600535712
mtransferencias_emitidas_tend3_delta3	0.000276018824593653	0.000785277982727365	0.000884309277557768
ccomisiones_otras_tend3_delta3	0.000275887959696521	0.000714542042283477	0.000640803824317224
mtransferencias_emitidas_ratioavg3_lag3	0.000274912404228338	0.000525264500771712	0.00097402181296218
mcuenta_debitos_automaticos_ratiomax3	0.000273366969423234	0.000722622617185224	0.00085867712458508
Visa_mconsumosdolares_min3	0.000272990053543747	0.000234548234295317	0.000615171671344535
Visa_mpagado_avg3	0.00027283439574344	0.000963407813407425	0.000589539518371846
ccuenta_debitos_automaticos_avg3_lag3	0.000271249259828197	0.000951260505786723	0.000512643059453779
cmobile_app_trx_delta3	0.000268829518178772	0.000508537353542255	0.000794596742153357
mv_msaldototal_tend3	0.000267974578378521	0.000914659739593603	0.000627987747830879
mrentabilidad_ratiomax3	0.000267085097660536	0.000334078091727479	0.000756148512694324
mforex_sell_ratioavg3_delta3	0.000266991526754125	0.000781435176174507	0.000743332436207979
mprestamos_personales_max3	0.000266544785615443	0.000269989358310787	0.000307585835672267
mprestamos_prendarios	0.00026635554228947	0.0031570907113967	0.000346034065131301
mautoservicio_tend3_delta3	0.00025916943564798	0.00218278298275395	0.000615171671344535
Master_fultimo_cierre_ratiomax3	0.000259017056031733	0.000245480776809445	0.000781780665667013
mextraccion_autoservicio_ratioavg3_delta3	0.000258088101330125	0.000931491122392709	0.0013841362605252
mtransferencias_emitidas	0.000256553818208622	0.00146076397022657	0.00201212400835608
Master_mpagospesos_lag3	0.00025565137323839	0.000555464653476375	0.000704884206748946
mpayroll_max3	0.000255016542043577	0.00109501612446816	0.000730516359721635
mforex_sell_tend3_delta3	0.000254652016105962	0.00328047866542439	0.000525459135940123
cprestamos_personales_avg3	0.000253175194504624	0.000429038241179567	0.000281953682699578
mcuenta_debitos_automaticos_min3	0.000252905788347244	0.00100370353306367	0.00071770028323529
internet	0.000252879298750829	0.000342055117949658	0.000448562677022056
Master_mpagospesos_min3_delta3	0.000252693934986682	0.00289442308617172	0.000589539518371846
Master_mpagominimo	0.000251222932440595	0.00207684306709473	0.00129442372512079
Master_msaldototal_ratioavg3	0.000249302961610992	0.000584507568118669	0.000563907365399157
ctarjeta_visa_trx_avg3	0.000248924099006967	0.0012352864628834	0.00233252592051469
mcuenta_debitos_automaticos_ratiomax3_lag3	0.000248026288118129	0.000741689312027344	0.00071770028323529
mcuenta_debitos_automaticos_ratiomax3_delta3	0.000247214778608628	0.000782004436328351	0.00085867712458508
mprestamos_hipotecarios_ratiomax3	0.000245949833672034	0.00453670703306846	0.000256321529726889
mv_mconsumospesos_delta3	0.000242360627810601	0.000429024675100486	0.000781780665667013
mv_Fvencimiento_tend3_delta3	0.000242019349315885	0.000583775343293332	0.000474194829994745
ccuenta_debitos_automaticos_ratiomax3_delta3	0.000241857214957821	0.00113062313243796	0.00060235559485819
mautoservicio_ratiomax3_delta3	0.00024071599278177	0.000619217154198882	0.00114063080728466
ccajas_trx_ratioavg3_lag3	0.000236861019808182	0.000577615141332894	0.000538275212426468
Master_mpagominimo_tend3	0.000236333760140041	0.00100800861664041	0.000679252053776257
mextraccion_autoservicio_max3_delta3	0.000235657643206213	0.000472094572067547	0.000666435977289912
mpayroll_sobre_edad_max3	0.000234214108367531	0.00158832478149059	0.000833044971612391
ctarjeta_visa_trx_ratioavg3_delta3	0.000233712001932217	0.000623050859458179	0.00117907903674369
mpayroll_sobre_edad_ratiomax3_delta3	0.000232599351010607	0.00095741607123912	0.000640803824317224
cprestamos_personales_tend3_lag3	0.00022992541845588	0.00237818998789507	0.000243505453240545
internet_ratioavg3_lag3	0.000229854482795302	0.000619387674661255	0.000422930524049368
mpayroll_sobre_edad_tend3_delta3	0.000228838584277314	0.000742300300753551	0.000551091288912812
ctarjeta_visa_trx_lag3	0.00022848118121988	0.000372705355379276	0.00117907903674369
cpayroll_trx_ratiomax3_delta3	0.000227204088563146	0.00147469495966265	0.000756148512694324
ccomisiones_otras_delta3	0.000224176713571091	0.0010306505743492	0.000538275212426468
ctarjeta_visa_debitos_automaticos_delta3	0.000223884669560578	0.000897379302404663	0.000435746600535712
ctransferencias_recibidas_max3_delta3	0.000222302271553209	0.00103210437720364	0.000743332436207979
Visa_mconsumosdolares_min3_delta3	0.000218001258449069	0.000389369823888929	0.00060235559485819
mtransferencias_emitidas_ratioavg3_delta3	0.000215607736117024	0.000620137071738593	0.000807412818639702
ccajas_otras_avg3_delta3	0.00021538126281699	0.00196830550487527	0.000320401912158612
ccajas_consultas_avg3_delta3	0.000214053935219394	0.00112731816081778	0.000666435977289912
ccajas_consultas_tend3	0.000213019098796539	0.00180685783012442	0.000256321529726889
Visa_fultimo_cierre_max3_delta3	0.000212892741395613	0.000560557599974931	0.000499826982967434
Visa_mconsumosdolares_delta3	0.000211433943327619	0.000637702568310756	0.000794596742153357
mcuenta_debitos_automaticos_max3_lag3	0.000211268713331051	0.00052961646459641	0.00060235559485819
tmobile_app_delta3	0.000210850491009886	0.000230442005396759	0.000410114447563023
ctarjeta_visa_debitos_automaticos_ratiomax3_delta3	0.000210636574355548	0.0004750973120525	0.000627987747830879
mautoservicio_lag3	0.000209485990257654	0.000460341367630275	0.00114063080728466
mplazo_fijo_dolares	0.00020928609203876	0.000898919996854222	0.000205057223781512
mpagomiscuentas_min3_delta3	0.000209163731053462	0.00247953340686109	0.000422930524049368
mextraccion_autoservicio_min3_lag3	0.00020807545252908	0.000684894836093257	0.000845861048098735
ctransferencias_emitidas_ratiomax3_delta3	0.000207151520695755	0.000574350009337361	0.00105091827188025
ccallcenter_trx_max3	0.0002037888247158	0.000938832947013359	0.000986837889448524
mpayroll_sobre_edad_avg3_delta3	0.000203664027480834	0.000358788275467316	0.000422930524049368
mforex_sell_ratiomax3_lag3	0.000201482803892716	0.00105904849920633	0.000704884206748946
mpayroll_avg3_lag3	0.000198944898699951	0.000968529094121783	0.00130723980160714
mvr_mconsumospesos_lag3	0.000198840440241562	0.000235092079516199	0.000551091288912812
Visa_mconsumosdolares_ratiomax3	0.000195423451872017	0.000490404485763968	0.000743332436207979
mextraccion_autoservicio_lag3	0.000194834981412797	0.000436897980920576	0.000884309277557768
Visa_mconsumosdolares_ratioavg3_delta3	0.000193271029233414	0.000481298727417741	0.000615171671344535
mforex_buy_max3_delta3	0.000192788338996791	0.00363315087161892	0.000307585835672267
mv_Finiciomora_tend3	0.000190730741073652	0.000448302073474661	0.000102528611890756
Visa_delinquency	0.00018991962290712	0.000398250797456458	0.000166608994322478
mtarjeta_visa_debitos_automaticos_ratiomax3_lag3	0.000183805605969271	0.000358026514368537	0.000589539518371846
mtarjeta_master_consumo_avg3_lag3	0.000181219067969334	0.000272341785112449	0.000576723441885501
ccajas_consultas_avg3_lag3	0.000176304470978175	0.00155792045070963	0.000679252053776257
Master_msaldototal_min3_delta3	0.000175899478876922	0.000540629544972424	0.000397298371076679
mpayroll_sobre_edad_max3_lag3	0.000173126196507411	0.000622840842816203	0.00071770028323529
Master_cconsumos_min3	0.000172901393470078	0.00163021820747304	0.000512643059453779
mprestamos_prendarios_avg3	0.000171352602475385	0.00245945921599406	0.000243505453240545
mpayroll_delta3	0.000168827986536797	0.00068776414768016	0.000640803824317224
mtransferencias_emitidas_min3_delta3	0.00016789215902471	0.00184212122133168	0.000756148512694324
minversion1_pesos_delta3	0.000167078918696693	0.00317433062207092	0.000205057223781512
Master_mpagado_max3	0.000164591587802843	0.000776538336793807	0.000384482294590334
mv_mfinanciacion_limite_ratioavg3_delta3	0.000163216168651882	0.000424001963112616	0.0002306893767542
ctarjeta_debito_lag3	0.000161287989643327	0.000345925743550758	0.00037166621810399
ctarjeta_debito_min3_lag3	0.000161287231788294	0.00021306248431377	0.000307585835672267
ctarjeta_visa_debitos_automaticos_tend3	0.000158253511402709	0.000694563672582607	0.000281953682699578
mprestamos_personales_tend3_delta3	0.000157831889993323	0.000480496954971799	0.000269137606213234
tmobile_app_tend3	0.000155958600505237	0.00027029262028113	0.000346034065131301
Visa_fultimo_cierre_delta3	0.000154818233825253	0.000330019429966964	0.000410114447563023
Visa_delinquency_max3	0.000152130982420713	0.00032441973031185	0.000153792917836134
ctarjeta_master_trx_delta3	0.000151500490083762	0.000566287293577695	0.000576723441885501
internet_tend3_delta3	0.000150963846950713	0.000186528779133912	0.000128160764863445
Master_status	0.000145558278396997	0.0003124307508546	0.000346034065131301
ctransferencias_emitidas	0.000144533083662824	0.0013892396516933	0.000935573583503146
mautoservicio_min3_lag3	0.000143688239613809	0.000473921356235449	0.00158919348430671
ccallcenter_trx_tend3_delta3	0.000143578996783901	0.000456978010353294	0.000448562677022056
cpagomiscuentas_avg3_delta3	0.000142411442277983	0.000311386677932919	0.000422930524049368
cproductos_ratioavg3_lag3	0.000139716894410942	0.000572954076972172	0.000307585835672267
mpagomiscuentas_tend3	0.000138808236934173	0.000577678850387819	0.000410114447563023
mcaja_ahorro_adicional	0.000133839646821406	0.00183402639346077	0.000166608994322478
ccaja_seguridad_min3_lag3	0.000130213251687351	0.000487876215101812	0.000102528611890756
matm_lag3	0.000128166088059415	0.000405508306319781	0.000551091288912812
mv_cconsumos	0.000127813936840626	0.000392272277922194	0.00102528611890756
internet_max3_delta3	0.000127736517226321	0.000836575964240865	0.000166608994322478
Master_Finiciomora	0.00012745033712608	0.00068519397672312	0.000140976841349789
Master_mpagominimo_min3_delta3	0.000126236915373727	0.000466393556125625	0.000358850141617645
mcheques_depositados_ratiomax3	0.000126071787204617	0.00292562678528334	0.000499826982967434
Master_mlimitecompra_ratioavg3_delta3	0.000124687920910884	0.00122679426910118	0.0002306893767542
Master_delinquency	0.000123389606068604	0.000440662653726828	0.000166608994322478
internet_lag3	0.000123378157048196	0.000159277788987957	0.000205057223781512
mvr_mpagosdolares	0.00012103283542419	0.00173758032904301	0.000627987747830879
mv_status04_max3	0.000115053873088204	0.000605173858234712	0.000743332436207979
mprestamos_hipotecarios_avg3	0.000111097111758172	0.00195697920262275	0.0001153446883771
ccuenta_debitos_automaticos_avg3_delta3	0.000108587385943269	0.00111583627796213	0.00037166621810399
mv_status05_ratiomax3	0.000106448083656046	0.000380161203753215	0.00037166621810399
Visa_fultimo_cierre_tend3	0.000102507850203327	0.000137589578155315	0.0002306893767542
mttarjeta_master_debitos_automaticos_ratiomax3_delta3	0.000101243851549068	0.00127697193289411	0.000384482294590334
ctarjeta_visa_debitos_automaticos_min3	9.86829388349532e-05	0.000183209039377014	0.000333217988644956
minversion1_pesos_min3_delta3	9.56679303857519e-05	0.00214473562605224	0.000128160764863445
mvr_mpagado	8.8649430981244e-05	0.000808816331990632	0.000320401912158612
ctransferencias_recibidas_tend3	8.4871576485514e-05	0.000373352062389646	0.000243505453240545
ccallcenter_trx_min3_delta3	8.33141304808854e-05	0.00154530331027417	0.000320401912158612
cextraccion_autoservicio_tend3	8.27170651866639e-05	0.000213680170218258	0.0002306893767542
cseguro_vida_delta3	8.22537311161844e-05	0.00133316967307115	0.000128160764863445
mv_msaldodolares_max3_delta3	7.85558887862557e-05	0.000461329802455472	0.000410114447563023
tcallcenter_min3_delta3	7.75147717645067e-05	0.000872713594797509	0.000153792917836134
mcaja_ahorro_adicional_max3	7.73797285564589e-05	0.000614243726574256	0.000140976841349789
ctarjeta_debito_ratiomax3	7.04220909790178e-05	0.00190863982840656	0.000153792917836134
matm	6.996544586902e-05	0.000185650074999004	0.000461378753508401
matm_min3	6.77995012513156e-05	0.000431680879040052	0.000397298371076679
mprestamos_prendarios_tend3_lag3	6.61887265727385e-05	0.000621938956141093	6.40803824317224e-05
ccuenta_debitos_automaticos_min3_delta3	6.19614528152681e-05	0.000519136067477477	0.000192241147295167
mplazo_fijo_dolares_min3_delta3	6.14893903549047e-05	0.000577219836091823	8.97125354044113e-05
ctarjeta_debito_avg3_delta3	5.68339214840964e-05	0.000679267660834941	0.000102528611890756
ccajas_consultas_avg3	5.54871544624035e-05	0.000333565671727759	0.000179425070808823
ccuenta_debitos_automaticos_tend3_delta3	5.53735638389677e-05	0.000356158516795832	0.000128160764863445
mv_status05_avg3_delta3	5.39945866748815e-05	0.000375602486014421	0.000346034065131301
mplazo_fijo_dolares_avg3	4.84071011021108e-05	0.000394239015943907	8.97125354044113e-05
Visa_msaldodolares_tend3_lag3	4.74904095829364e-05	0.000634487064123506	0.000333217988644956
Master_mfinanciacion_limite_min3_delta3	4.74755012844544e-05	0.000483378287135103	0.000179425070808823
mplazo_fijo_dolares_min3_lag3	4.28637510777181e-05	0.000554517432055982	5.12643059453779e-05
cprestamos_personales_tend3	4.28186418058129e-05	0.00028356264973768	6.40803824317224e-05
ctransferencias_emitidas_min3_delta3	4.15319267035957e-05	0.000557318398079919	0.000179425070808823
thomebanking_tend3	3.58289273194359e-05	0.000111790158471033	6.40803824317224e-05
Visa_Fvencimiento_ratiomax3	3.40957487017175e-05	0.000155043111644429	6.40803824317224e-05
Visa_status_max3_delta3	2.95996193833202e-05	9.96646596103724e-05	8.97125354044113e-05
active_quarter_tend3_delta3	2.53462823602124e-05	6.99054903371036e-05	3.84482294590334e-05
ccuenta_debitos_automaticos_max3_delta3	2.43832358023841e-05	0.000109336930550123	6.40803824317224e-05
