Feature	Gain	Cover	Frequency
mv_status07_ratioavg3	0.153716808788856	0.0105011492873916	0.00157466144778873
ctrx_quarter_normalizado	0.0840633911183602	0.0056716051349483	0.00355423583929455
mcuentas_saldo_avg3	0.0520254758133045	0.00357049957309375	0.00350924551221487
ctrx_quarter	0.0291310427900581	0.00528003864049829	0.0034642551851352
mcaja_ahorro_min3	0.010548516163657	0.00209156537990705	0.00260943897062132
mprestamos_personales_ratiomax3	0.00885567710068426	0.0032862987257291	0.000989787195752913
ctrx_quarter_min3	0.00883830942476211	0.00356699438019333	0.00278940027894003
cpayroll_trx	0.00872549758206869	0.00198423981761978	0.00062986457911549
mv_msaldopesos_max3	0.00773506745248802	0.0011833355304071	0.00139470013947001
mv_status06_ratioavg3	0.00659425711147081	0.00420320322246205	0.00103477752283259
mcuentas_saldo	0.0061319399468185	0.00337747976442656	0.00404912943717101
mpayroll_sobre_edad	0.00587993373111807	0.00350541559373627	0.000899806541593557
mtarjeta_visa_consumo_min3_delta3	0.00567632758997131	0.000509773594798944	0.00112475817699195
mprestamos_personales_avg3_delta3	0.00538078135387579	0.00179991506974018	0.00062986457911549
mpayroll_ratiomax3	0.00510313750847572	0.000761905119062434	0.000314932289557745
mdescubierto_preacordado_avg3_delta3	0.00508655328313346	0.00240211418775533	0.000674854906195168
mprestamos_personales_delta3	0.00488512543832179	0.00408574956785516	0.00103477752283259
mprestamos_personales_ratioavg3	0.00449303220148824	0.00283006914230164	0.00125972915823098
mes	0.00407202778125668	0.00182474463291806	0.00184460341026679
mcuentas_saldo_min3	0.00403614529686403	0.00296419324789562	0.00332928420389616
mprestamos_personales	0.00396221251916891	0.00214983605705435	0.000539883924956135
mcuentas_saldo_ratioavg3	0.00380968463530883	0.00462034122001031	0.00571377153911909
mactivos_margen	0.00380045305816981	0.00267695486360838	0.00274440995186035
mv_status07_delta3	0.00376773858095209	0.00183587076247923	0.000674854906195168
mtarjeta_visa_consumo	0.0036889689557727	0.00208212912151017	0.00215953569982454
mv_msaldototal	0.00365734188864722	0.00100447753244598	0.00220452602690422
mv_status01	0.00352194631668311	0.00128989057379758	0.000359922616637423
mpasivos_margen	0.00327308603050418	0.0040884237435061	0.00287938093309938
mcaja_ahorro_ratioavg3	0.00326761957077899	0.00280754259923676	0.00422909074548972
cpayroll_trx_ratioavg3	0.00324017349759101	0.0012026163182926	0.000764835560354524
mpayroll	0.00316290993361135	0.00221502878498445	0.000674854906195168
mcuentas_saldo_ratiomax3	0.00292797039264212	0.00418517656913929	0.00377918747469294
mv_status01_max3	0.00287408517318472	0.00305989384757871	0.000584874252035812
mcuenta_corriente_avg3	0.00276225694876241	0.00118669931304755	0.00170963242902776
cpayroll_trx_ratiomax3	0.00266798755610907	0.00129649491543989	0.000809825887434202
foto_mes	0.00224909804033269	0.00302621074019854	0.00247446798938228
Visa_Finiciomora	0.00221127606189126	0.00232882804216467	0.000449903270796779
Visa_msaldototal	0.00212044423217282	0.000979415254745812	0.00170963242902776
mdescubierto_preacordado	0.00208737029121452	0.00230182684793424	0.000584874252035812
mcaja_ahorro_ratioavg3_lag3	0.00201344232021672	0.0027464889978659	0.00422909074548972
mcaja_ahorro_ratiomax3	0.00200631445801363	0.00148449039158983	0.00292437126017906
mrentabilidad_annual_ratioavg3	0.00199853513729109	0.00188839298265474	0.00377918747469294
mrentabilidad_annual_tend3_lag3	0.00199685822613237	0.00167878437721881	0.00292437126017906
mcuenta_corriente_ratiomax3	0.00199154622862616	0.00185990865089465	0.00373419714761326
mcuenta_corriente_ratioavg3_lag3	0.00195743480222402	0.00234738284981794	0.00364421649345391
mactivos_margen_ratioavg3	0.00194999429614583	0.00165811361184368	0.00391415845593197
mtransferencias_recibidas	0.00194708593061906	0.0016535398621495	0.0012147388311513
Master_mfinanciacion_limite	0.00194403423653397	0.00337505648991927	0.00359922616637423
Master_Fvencimiento_min3	0.00188966951820525	0.00175898663510366	0.00332928420389616
cliente_edad_max3	0.00184377349217492	0.00186106034652892	0.00229450668106357
mcomisiones_min3_lag3	0.00181189481186073	0.00236776596965115	0.00292437126017906
mactivos_margen_max3_delta3	0.00177915584870641	0.00303094779832942	0.00350924551221487
mrentabilidad_annual_min3_delta3	0.00172973584105554	0.00164487634958264	0.00274440995186035
mcaja_ahorro_ratioavg3_delta3	0.00172445896733815	0.00133869233086066	0.00332928420389616
numero_de_cliente	0.00172197866543085	0.00229711911109086	0.00359922616637423
cliente_edad	0.00171712507634353	0.00241028814616764	0.00332928420389616
chomebanking_trx_ratioavg3	0.00171043561705751	0.00134655637439878	0.00287938093309938
Visa_mfinanciacion_limite	0.00167227961392048	0.00254178187246415	0.00296936158725874
mcuentas_saldo_min3_lag3	0.00166548706071606	0.00116013199964099	0.00229450668106357
cliente_edad_avg3	0.00165805363639667	0.00149217516700311	0.00211454537274486
mcuenta_corriente_min3	0.00165403912632594	0.00175139019470841	0.0020245647185855
ctrx_quarter_ratioavg3	0.00165310789689836	0.00205613784149851	0.00301435191433842
cliente_edad_min3_lag3	0.00164985853302471	0.00272980889683482	0.00283439060601971
Master_fechaalta_lag3	0.00164893184961806	0.00261021775748487	0.00382417780177262
mcomisiones_mantenimiento_avg3	0.00164790946807173	0.0015855931601278	0.000899806541593557
mcuenta_corriente_ratiomax3_delta3	0.00164189131425465	0.00205846758481023	0.00265442929770099
mrentabilidad_annual_tend3_delta3	0.00163433329617924	0.00212587982285728	0.00319431322265713
mrentabilidad_avg3	0.00161576351674202	0.00234570634025301	0.00188959373734647
mprestamos_personales_ratiomax3_delta3	0.00161575622591032	0.00237327317552328	0.000944796868673235
mpasivos_margen_ratiomax3	0.00160981508562969	0.00150606158030003	0.00314932289557745
mcuenta_corriente_ratioavg3	0.0016045692219732	0.00148941191402307	0.0030593422414181
mv_status06_delta3	0.00159163355073849	0.00187236203265954	0.000224951635398389
mpasivos_margen_ratioavg3	0.00158936857684782	0.00233516403835304	0.00220452602690422
ctrx_quarter_normalizado_ratiomax3	0.00158523319674904	0.000926201200647561	0.00251945831646196
Visa_fechaalta_tend3	0.00155603683718765	0.00133435315146647	0.000449903270796779
ctrx_quarter_normalizado_ratioavg3_lag3	0.00155227685191857	0.00210923795084661	0.00278940027894003
mdescubierto_preacordado_min3_delta3	0.0015494408314481	0.000665569843409445	0.000179961308318712
mdescubierto_preacordado_tend3	0.00154844334785055	0.00227077708909583	0.000314932289557745
Visa_fechaalta_ratioavg3_lag3	0.00154567760950246	0.000889525466164888	0.00152967112070905
ctransferencias_recibidas_ratioavg3_lag3	0.00154411911719931	0.00151301814854785	0.00310433256849777
mcuentas_saldo_ratiomax3_delta3	0.00153808063043677	0.00178695209142169	0.0030593422414181
mtarjeta_visa_consumo_ratioavg3	0.00152372393934518	0.00215497730356605	0.00152967112070905
mrentabilidad_annual_min3_lag3	0.00151128465762638	0.00183823613672259	0.00283439060601971
cproductos_delta3	0.00150843886402388	0.00113575301928618	0.000449903270796779
mrentabilidad_annual_min3	0.00149970010447622	0.00108246770332465	0.00184460341026679
mcuenta_corriente_tend3	0.001499572154412	0.00356284374781242	0.00193458406442615
mcuentas_saldo_min3_delta3	0.00149518309056909	0.00187112385778493	0.00278940027894003
mcuentas_saldo_ratioavg3_delta3	0.00149249987716365	0.00141154793602731	0.00274440995186035
mcuentas_saldo_tend3	0.00149069537572369	0.00135119210706779	0.00247446798938228
ctarjeta_visa_trx_ratiomax3	0.00148971810001486	0.000950530075004741	0.00229450668106357
Master_Fvencimiento_max3_lag3	0.00147622445853992	0.0015741322482714	0.00292437126017906
Visa_Fvencimiento_avg3_lag3	0.00147098095828727	0.00116318586740725	0.00283439060601971
Visa_msaldopesos	0.00146775900321845	0.00154060910892809	0.00184460341026679
Visa_mpagominimo	0.00146316484349633	0.00173722912631341	0.00229450668106357
mactivos_margen_min3	0.00145157404249304	0.00228377272910166	0.00247446798938228
ccomisiones_otras_avg3	0.00143221257980196	0.00394019461400336	0.00193458406442615
mrentabilidad_annual_ratiomax3_lag3	0.00143189957466655	0.00174483039173065	0.00229450668106357
mrentabilidad_annual_tend3	0.00142468009319536	0.00157213840072153	0.00247446798938228
mactivos_margen_avg3	0.00142346352258201	0.00308793650424864	0.00265442929770099
ccaja_ahorro	0.0014221560466771	0.00221791600391417	0.00085481621451388
mcaja_ahorro_max3	0.00140413005841308	0.00189698300642508	0.00256444864354164
mactivos_margen_max3	0.00140299435349728	0.00122837933764842	0.00229450668106357
mcuentas_saldo_ratioavg3_lag3	0.0013955329865935	0.00153677804146535	0.00287938093309938
mrentabilidad_annual	0.00138423855138156	0.00219644614066583	0.00233949700814325
mcuenta_corriente_min3_lag3	0.00137900467920418	0.00151446120127941	0.00238448733522293
mcaja_ahorro_dolares_ratioavg3_lag3	0.00137799391979058	0.00133166561421617	0.00233949700814325
mv_Fvencimiento_min3	0.00137693859967564	0.00126845634148088	0.00224951635398389
mcuenta_corriente_ratiomax3_lag3	0.00137220419808981	0.00130828949612491	0.00233949700814325
mcuentas_saldo_max3	0.00136707480031574	0.00287015839426686	0.00211454537274486
mcuenta_corriente_avg3_delta3	0.00136666801443783	0.00146359025209225	0.00224951635398389
mv_Fvencimiento_ratioavg3	0.00136559177180821	0.0012512480861193	0.00242947766230261
ccomisiones_mantenimiento_tend3	0.00136446881917494	0.00224241115595235	0.000404912943717101
mrentabilidad_annual_max3	0.00136381203424804	0.00144671084053729	0.00215953569982454
Visa_mfinanciacion_limite_max3	0.00136301653351982	0.00230680775525354	0.00242947766230261
mrentabilidad_annual_max3_delta3	0.00135328139435514	0.00135871877022191	0.00238448733522293
cliente_edad_lag3	0.00134732731609062	0.00198046071193236	0.00269941962478067
mrentabilidad_tend3	0.00134709960081781	0.00110931041414037	0.00256444864354164
mrentabilidad_avg3_lag3	0.00134516343581876	0.00130607258409673	0.00184460341026679
mrentabilidad_annual_delta3	0.00133495229770825	0.00137157634036763	0.00251945831646196
ctrx_quarter_ratiomax3	0.00133118861375558	0.00126077305068975	0.00215953569982454
cproductos_max3	0.00132776334149444	0.0021978257258004	0.00197957439150583
cliente_edad_min3	0.00129482983411378	0.00134271825498082	0.00224951635398389
Visa_Fvencimiento_max3	0.00129456786504415	0.000999331089756749	0.00238448733522293
mcomisiones_otras_max3	0.00129420749326342	0.00153515609176451	0.00143969046654969
Master_Fvencimiento	0.00129190371872138	0.00102742311011322	0.00224951635398389
mactivos_margen_min3_lag3	0.0012866433480601	0.00074430789269708	0.00175462275610744
ctrx_quarter_avg3_delta3	0.00128658314178867	0.00144181678361386	0.00188959373734647
chomebanking_trx_max3_lag3	0.00128240625363938	0.00127259324110689	0.00211454537274486
mpasivos_margen_delta3	0.00128178496809924	0.0028372528577387	0.00251945831646196
mactivos_margen_tend3_delta3	0.00128007175031291	0.00172593746138231	0.00242947766230261
mcaja_ahorro_ratiomax3_delta3	0.00127664239590735	0.00138188110272331	0.00269941962478067
mactivos_margen_min3_delta3	0.00127080541559789	0.00105794248768789	0.00197957439150583
mcaja_ahorro_dolares_delta3	0.00126363875579545	0.000798820248867085	0.000674854906195168
mcuenta_corriente_min3_delta3	0.00125280395296506	0.00185127520192636	0.00211454537274486
mrentabilidad_annual_avg3_lag3	0.00124419162470359	0.00219122472455793	0.00247446798938228
chomebanking_trx_max3_delta3	0.00124354800409086	0.00160326981377828	0.00188959373734647
mcuentas_saldo_delta3	0.00124246810654022	0.00119679363021322	0.00238448733522293
Visa_fechaalta_min3	0.00123720874151429	0.000871106130282972	0.00134970981239034
mv_Fvencimiento_max3_lag3	0.00123711564444232	0.00184187420330559	0.00224951635398389
mcomisiones_otras_min3_delta3	0.00122977842336	0.00261520534560386	0.00242947766230261
ccomisiones_otras_ratioavg3	0.00122908935896987	0.00155591370753552	0.00220452602690422
Master_Fvencimiento_ratioavg3_delta3	0.00121719247009182	0.00261859659375412	0.00256444864354164
mcuenta_corriente_max3_lag3	0.00121609344511605	0.00314422929353419	0.0020245647185855
mcomisiones_otras_avg3_delta3	0.00121449160021889	0.00156819041926434	0.00265442929770099
ctarjeta_visa_trx_ratioavg3	0.00121422113368537	0.00156845468200736	0.00206955504566518
mcomisiones_ratioavg3_lag3	0.00120755327183765	0.00134642424302727	0.00238448733522293
Visa_fechaalta	0.00119982260037679	0.0016995995220982	0.00242947766230261
mv_mfinanciacion_limite_min3_lag3	0.00119706937859984	0.00133402801921523	0.00193458406442615
mcomisiones_otras_ratioavg3	0.00118437664645438	0.00102862639636726	0.00242947766230261
mcomisiones_otras	0.0011781942918603	0.00203378202998108	0.0020245647185855
mrentabilidad_max3_lag3	0.00117398065014202	0.00184112372680785	0.00197957439150583
Visa_fultimo_cierre	0.0011713608458906	0.0019665416369481	0.00233949700814325
Master_fechaalta_ratioavg3	0.00116762869665026	0.00108934224619858	0.00251945831646196
mv_Fvencimiento_avg3_delta3	0.00116009746443314	0.00132512659594854	0.00197957439150583
mtarjeta_visa_debitos_automaticos_ratioavg3	0.00115657011176442	0.00174176167774287	0.00179961308318712
mactivos_margen_ratiomax3_delta3	0.00115583555290145	0.00270995504479872	0.00229450668106357
Visa_mpagominimo_tend3_delta3	0.00114367298257328	0.00118649740443491	0.00179961308318712
mpasivos_margen_ratiomax3_delta3	0.00114292406295838	0.00078801925155716	0.00238448733522293
cliente_antiguedad_lag3	0.00113684243404265	0.00097218477371098	0.00211454537274486
mv_Fvencimiento_ratioavg3_delta3	0.00113657597072235	0.00128656130862216	0.00220452602690422
Visa_mpagominimo_max3	0.00113192924322906	0.00102422783208699	0.00179961308318712
mcomisiones_ratiomax3	0.0011247627292866	0.0010145889227664	0.00211454537274486
mrentabilidad_delta3	0.00112223628277754	0.000842357906935404	0.00215953569982454
mrentabilidad_annual_avg3_delta3	0.00112037239765563	0.00106423357405617	0.00211454537274486
ctransferencias_recibidas_ratioavg3	0.00111778437788399	0.000794852967321922	0.00242947766230261
Visa_Fvencimiento_ratioavg3	0.00111470312415454	0.00172092871739766	0.00233949700814325
mrentabilidad_max3_delta3	0.00111204658859223	0.000943734588260387	0.0020245647185855
Visa_mpagospesos_max3_lag3	0.00111106161077441	0.00160170390856366	0.00215953569982454
chomebanking_trx_tend3_delta3	0.00109610474236884	0.000953513423218794	0.00220452602690422
chomebanking_trx_delta3	0.00109317251186691	0.000735517816091776	0.00166464210194808
mcuentas_saldo_avg3_delta3	0.00109096980210021	0.00177159330410572	0.00193458406442615
ctrx_quarter_normalizado_ratioavg3	0.00108911583122392	0.00113469374138087	0.0016196517748684
mrentabilidad_min3_lag3	0.0010887174297274	0.00136243477946788	0.00224951635398389
mrentabilidad_ratioavg3_lag3	0.00108668048231833	0.00181496950951503	0.00229450668106357
Visa_Fvencimiento_ratioavg3_delta3	0.0010864049778101	0.0015588406401078	0.00211454537274486
ccaja_ahorro_max3_delta3	0.00108499074254147	0.00322296326011091	0.000404912943717101
mcomisiones_otras_delta3	0.00108240620088171	0.00160197559441744	0.00206955504566518
ccomisiones_otras_ratioavg3_lag3	0.00108187102124726	0.00119947782706368	0.00179961308318712
mrentabilidad_ratioavg3_delta3	0.00108177978013493	0.00244505391425201	0.00229450668106357
mcuenta_corriente_tend3_lag3	0.001081443882716	0.00347784133535524	0.00184460341026679
cliente_antiguedad_ratioavg3_lag3	0.00108123300493237	0.00163894676870833	0.00193458406442615
mcomisiones_avg3_delta3	0.00108033211430696	0.00131750825737655	0.00184460341026679
ctrx_quarter_normalizado_tend3_lag3	0.00108003923173058	0.00139619211795564	0.00206955504566518
mv_mfinanciacion_limite	0.00107422152365969	0.000918666743227146	0.00193458406442615
mvr_Visa_mlimitecompra	0.00107349056702624	0.00163728993038691	0.00260943897062132
ccomisiones_mantenimiento_avg3_delta3	0.00107020547940804	0.0010375938853197	0.000449903270796779
mv_mfinanciacion_limite_avg3_lag3	0.00106852287104632	0.00166693486551417	0.00188959373734647
ccomisiones_otras_avg3_lag3	0.00106596527908289	0.00157913097105653	0.00211454537274486
mactivos_margen_tend3	0.00106472867640187	0.00162167430343868	0.00238448733522293
mpasivos_margen_max3	0.00106031725599904	0.00191190531482842	0.00229450668106357
mactivos_margen_avg3_delta3	0.00105886744834934	0.000787184151596769	0.00175462275610744
mtarjeta_visa_consumo_delta3	0.00105691438991475	0.00139938034402664	0.00152967112070905
mcuentas_saldo_lag3	0.00105671498315267	0.000847075664978305	0.00197957439150583
mcomisiones_max3_lag3	0.00105235173940335	0.00122418565122511	0.00197957439150583
mpasivos_margen_ratioavg3_delta3	0.00105192036849473	0.000857547818481605	0.00242947766230261
chomebanking_trx	0.00105025370893692	0.00136763763779888	0.00220452602690422
mtransferencias_recibidas_max3	0.00105017442944372	0.00362455540795207	0.00197957439150583
Visa_cconsumos_min3_delta3	0.00104928641384811	0.00136172587239039	0.00143969046654969
mrentabilidad_ratiomax3_delta3	0.00104757987442886	0.00198449962649635	0.00206955504566518
Visa_fultimo_cierre_avg3_delta3	0.00104686447781561	0.00116126550865389	0.0012147388311513
ccallcenter_trx_tend3	0.00104516442130516	0.000458717810153881	0.000269941962478067
mcaja_ahorro_dolares_ratioavg3	0.00104282730937282	0.00225671883078484	0.00265442929770099
cmobile_app_trx_max3	0.00104255774268903	0.00221242067501926	0.00215953569982454
chomebanking_trx_ratiomax3	0.00103140320041836	0.00126722410509489	0.00229450668106357
mtarjeta_visa_debitos_automaticos_avg3_delta3	0.00103055194117037	0.000613049107856087	0.00107976784991227
Master_fechaalta_ratioavg3_delta3	0.00103050680495034	0.00137751371550823	0.00206955504566518
mrentabilidad_annual_ratioavg3_lag3	0.00102912793787536	0.00122213947074438	0.00206955504566518
mactivos_margen_lag3	0.00102429624055405	0.00237362651559541	0.00175462275610744
mcomisiones_otras_avg3_lag3	0.00102366410147625	0.00188645183919125	0.00157466144778873
mv_msaldopesos	0.00101823711499388	0.000487715078867414	0.00112475817699195
ccallcenter_trx_max3_delta3	0.00101548518417317	0.00130141866480635	0.000989787195752913
mtransferencias_emitidas_ratiomax3	0.00101370794386092	0.000764882899943418	0.00116974850407162
mv_msaldopesos_ratioavg3_lag3	0.00101235213295084	0.00212036185347455	0.0020245647185855
chomebanking_trx_avg3_lag3	0.00101187343645576	0.00103835141377266	0.00220452602690422
Visa_mpagado_avg3	0.00101173030691582	0.0012627676405507	0.000899806541593557
chomebanking_trx_tend3	0.00100876466996303	0.00157738431309493	0.00130471948531066
mcaja_ahorro_dolares	0.00100529603973284	0.00148126170956519	0.00166464210194808
Master_Fvencimiento_avg3_delta3	0.00100414046016195	0.00204997591725744	0.00197957439150583
mrentabilidad_annual_lag3	0.000998126837217219	0.000771284961817543	0.00211454537274486
mtarjeta_visa_debitos_automaticos_max3_lag3	0.000993297240683645	0.000969145752166233	0.00175462275610744
mrentabilidad	0.000988625004856747	0.00150753061391924	0.00220452602690422
thomebanking_ratioavg3	0.000984653422872385	0.00147086712756932	0.00139470013947001
cliente_edad_max3_lag3	0.000982996266486828	0.00140108246332369	0.0016196517748684
Visa_mpagominimo_tend3	0.000982875592351998	0.00115728783475367	0.0016196517748684
mactivos_margen_delta3	0.000980723372558766	0.00149851895745778	0.00170963242902776
mcomisiones_otras_max3_delta3	0.000978155144758445	0.00153279442907652	0.0020245647185855
Visa_mpagospesos_tend3	0.000978151029993878	0.00104581720741855	0.00211454537274486
chomebanking_trx_min3_lag3	0.000977936559930363	0.000780165600374107	0.00188959373734647
cliente_edad_avg3_lag3	0.000975101981876124	0.00121605771609951	0.00157466144778873
ctrx_quarter_ratioavg3_lag3	0.000974889303385508	0.0012722617992115	0.00175462275610744
mactivos_margen_avg3_lag3	0.000970225518921987	0.00131025736278713	0.0020245647185855
Visa_mpagominimo_min3_lag3	0.000960754573214918	0.00178213560600569	0.00179961308318712
Visa_mpagospesos_max3	0.000957512406395668	0.00139808055733274	0.00224951635398389
Visa_msaldopesos_tend3	0.000957432507832223	0.00245713428470126	0.00148468079362937
mcaja_ahorro_dolares_ratiomax3_delta3	0.00095685832056354	0.00200275231354172	0.00125972915823098
mcuenta_corriente_avg3_lag3	0.000956263703894624	0.000632087902330845	0.00152967112070905
chomebanking_trx_max3	0.000952791696985794	0.00194283704620576	0.00206955504566518
Visa_Fvencimiento_max3_lag3	0.000952062132803935	0.000931012489886025	0.00166464210194808
ctransferencias_recibidas_ratioavg3_delta3	0.000951017001204811	0.000752429518178533	0.00220452602690422
mcuenta_corriente_delta3	0.000948587735816701	0.00292943416061093	0.00179961308318712
chomebanking_trx_ratioavg3_lag3	0.000946593738178441	0.00153549235868189	0.00238448733522293
mrentabilidad_min3	0.000941213493346259	0.00130047481627334	0.00139470013947001
mvr_mpagominimo_lag3	0.000938087919139542	0.00131623370925922	0.00143969046654969
Visa_Fvencimiento_ratioavg3_lag3	0.00093582145680247	0.0017064228455079	0.00206955504566518
Master_fultimo_cierre_max3	0.000930259207130654	0.00209805206524383	0.00166464210194808
Visa_fechaalta_avg3_delta3	0.000929798875621885	0.00138670278431684	0.00170963242902776
mv_status05_avg3_delta3	0.000928524284887635	0.000191133596223321	0.000314932289557745
ctrx_quarter_ratiomax3_delta3	0.000926396807732089	0.000696378351148181	0.00197957439150583
mcuenta_corriente_ratioavg3_delta3	0.000925961793038313	0.00184435723385449	0.00211454537274486
mcomisiones_min3_delta3	0.000924928530752702	0.00120354235135979	0.00175462275610744
ctrx_quarter_normalizado_max3_delta3	0.000921965776369491	0.00131364527053755	0.00152967112070905
mtarjeta_visa_consumo_ratiomax3	0.000921543322260306	0.0017944063792459	0.00166464210194808
Master_fultimo_cierre_ratioavg3_delta3	0.000920664460937232	0.000588787783806815	0.00184460341026679
cliente_antiguedad	0.000919865848122577	0.00112479576549478	0.00179961308318712
mcaja_ahorro_max3_delta3	0.000918219065888982	0.00256092273471185	0.00179961308318712
mv_msaldopesos_ratioavg3	0.000917689940495636	0.001518510879354	0.00175462275610744
mrentabilidad_min3_delta3	0.000916569720602882	0.00125303445772346	0.00220452602690422
cproductos	0.000916402362255495	0.00121948162593711	0.00139470013947001
Visa_mconsumosdolares_min3_lag3	0.000913822920228366	0.00166862399436739	0.00139470013947001
Visa_mconsumospesos_min3_delta3	0.000910824683514099	0.000835033894705008	0.00175462275610744
mvr_Master_mlimitecompra_lag3	0.000909581860019938	0.00155516991183746	0.0016196517748684
Master_fultimo_cierre_min3	0.000909403692305649	0.000883107444602632	0.0016196517748684
mcuenta_corriente_max3_delta3	0.000908129897107233	0.00435401782144217	0.00193458406442615
mtransferencias_recibidas_ratioavg3_delta3	0.000905093392908956	0.0014071430621029	0.00242947766230261
ctrx_quarter_max3_lag3	0.00089872654016941	0.000865722148049448	0.00193458406442615
mcuentas_saldo_tend3_delta3	0.000895230647995477	0.000811846694782567	0.00148468079362937
ctrx_quarter_ratiomax3_lag3	0.000893600112315131	0.000714919797202084	0.00197957439150583
mcaja_ahorro_max3_lag3	0.000890721825409706	0.00192037990922647	0.00197957439150583
mcomisiones_mantenimiento_avg3_delta3	0.000889840816099021	0.000977455182349891	0.00107976784991227
mv_Fvencimiento_ratioavg3_lag3	0.000886285504755112	0.000712375525989427	0.00157466144778873
mcuenta_corriente_tend3_delta3	0.000883603166310748	0.000804878249557529	0.00170963242902776
ctrx_quarter_normalizado_avg3_delta3	0.000883134228420057	0.0014468322083982	0.00175462275610744
Master_fechaalta	0.000881363252572884	0.00135509851910473	0.00197957439150583
mtarjeta_visa_debitos_automaticos_delta3	0.000880350595171434	0.00202674603444813	0.000764835560354524
Visa_mconsumospesos_ratioavg3_lag3	0.000879393625072491	0.00181608483190657	0.00188959373734647
chomebanking_trx_min3_delta3	0.000874591800722004	0.00324000894934687	0.00166464210194808
Visa_fechaalta_lag3	0.000871339645734375	0.000764548859959262	0.00179961308318712
mcomisiones_ratioavg3_delta3	0.000869644837579501	0.00129443648682641	0.00184460341026679
cproductos_avg3_delta3	0.00086553910594977	0.00218006407753173	0.00085481621451388
chomebanking_trx_avg3_delta3	0.000863690392212744	0.00153961552555299	0.00184460341026679
mvr_Master_mlimitecompra	0.000863393496520507	0.00135049619043413	0.00170963242902776
cproductos_avg3	0.000860234864553964	0.0018257122354055	0.0020245647185855
mpasivos_margen_min3_delta3	0.00085989573887061	0.000912932390165797	0.00170963242902776
mcaja_ahorro	0.000856473330122973	0.000840754143855916	0.00224951635398389
mtarjeta_visa_consumo_min3	0.000856284315399826	0.00132791211826086	0.0016196517748684
mcomisiones_ratiomax3_lag3	0.000854607550353042	0.000998858979912475	0.0016196517748684
mrentabilidad_tend3_delta3	0.000854262911376242	0.0011053665153941	0.00197957439150583
mextraccion_autoservicio_max3_delta3	0.000853325462589742	0.00340587910156845	0.00157466144778873
Visa_mconsumospesos_ratioavg3_delta3	0.000850875009620314	0.00107198701324397	0.00184460341026679
Master_fechaalta_ratioavg3_lag3	0.000848425020729486	0.00161155326307428	0.00170963242902776
Visa_cconsumos_ratioavg3	0.000848004995388	0.00214856336471472	0.00175462275610744
mpasivos_margen_avg3_delta3	0.000845704709669421	0.00204671717163422	0.00184460341026679
mv_fechaalta_lag3	0.000842827222030422	0.000696409528213369	0.00170963242902776
mpasivos_margen_avg3	0.000838397576090602	0.00288379390642012	0.00197957439150583
ctrx_quarter_normalizado_ratiomax3_delta3	0.000836333302380324	0.000625554822551823	0.00184460341026679
mtarjeta_visa_consumo_avg3	0.000835657919960161	0.000672673760405836	0.000944796868673235
Visa_msaldototal_max3_lag3	0.000828146693297408	0.00108417427648815	0.00175462275610744
mpayroll_sobre_edad_min3	0.000824851598189944	0.000376852033147929	0.000674854906195168
mv_status07_avg3_delta3	0.000824611249929686	0.00119745094667093	0.000269941962478067
Visa_mpagospesos_tend3_lag3	0.000823783983640258	0.00248757460614634	0.00166464210194808
mpasivos_margen_avg3_lag3	0.000821324124304648	0.000745951740574667	0.00148468079362937
mcaja_ahorro_dolares_lag3	0.000819085056182328	0.00170048918192267	0.00134970981239034
mrentabilidad_ratioavg3	0.000816923663194229	0.000991588042924006	0.00139470013947001
Master_fultimo_cierre_ratioavg3	0.000811574957305171	0.000708934171841541	0.00175462275610744
mcuentas_saldo_ratiomax3_lag3	0.000810404437708764	0.000658575046141212	0.00166464210194808
mtarjeta_visa_debitos_automaticos_ratioavg3_lag3	0.000808317857447558	0.00140994825565874	0.00175462275610744
mprestamos_personales_avg3	0.000808219029796354	0.00203550010896626	0.000584874252035812
ccallcenter_trx_ratioavg3	0.000808032426491927	0.00079797512770717	0.000899806541593557
ctransferencias_recibidas_ratiomax3_delta3	0.000807961948792794	0.000655796946939645	0.00179961308318712
mcomisiones_ratiomax3_delta3	0.000804488890968888	0.000833146568794525	0.00157466144778873
mcomisiones_mantenimiento_tend3_delta3	0.000803683540986488	0.00255301897753117	0.00130471948531066
ctrx_quarter_min3_delta3	0.000801877988759749	0.00179485213704698	0.00175462275610744
mv_msaldopesos_avg3_lag3	0.000800789584630326	0.00180382259524373	0.00175462275610744
mtransferencias_recibidas_avg3_delta3	0.000799832934441649	0.00111866316254121	0.00170963242902776
internet_ratioavg3_delta3	0.000797763843812474	0.00247081136627477	0.00143969046654969
ctrx_quarter_tend3	0.000797041507918176	0.00125986817348823	0.00179961308318712
ccomisiones_otras_avg3_delta3	0.000796727524462082	0.00193146855207831	0.00206955504566518
mtarjeta_visa_consumo_ratioavg3_lag3	0.000783260108721738	0.000413071988629998	0.00125972915823098
ctrx_quarter_min3_lag3	0.000782888696679441	0.00156182287485524	0.0016196517748684
ctransferencias_recibidas_max3	0.000781430841698595	0.00154648116069402	0.00143969046654969
mactivos_margen_ratioavg3_lag3	0.000781246843877238	0.00154426016595492	0.00197957439150583
mtransferencias_recibidas_max3_delta3	0.000779151285413392	0.00267651244620714	0.00170963242902776
mtransferencias_emitidas_max3	0.000778509764474829	0.00111020823938668	0.00157466144778873
cliente_antiguedad_ratioavg3	0.000775743545240636	0.00120989430723629	0.00143969046654969
Visa_mconsumospesos_avg3_lag3	0.000773010684510802	0.000878228976211798	0.00170963242902776
ctrx_quarter_max3_delta3	0.000769547053953111	0.00207330564090645	0.00152967112070905
Visa_fechaalta_ratioavg3	0.000768373735186239	0.00110544928307906	0.00184460341026679
mcomisiones_max3	0.000766967211173642	0.000992291382668424	0.00148468079362937
mcaja_ahorro_avg3	0.000765891003438099	0.000849230594031651	0.00157466144778873
Visa_fechaalta_max3_lag3	0.000763925242133766	0.000822433164191556	0.00139470013947001
Visa_mpagominimo_ratioavg3_lag3	0.000761743921912076	0.00175040180751084	0.00184460341026679
cliente_antiguedad_min3	0.00076054101951236	0.000797588383636624	0.00152967112070905
Visa_fultimo_cierre_min3	0.000760538740846128	0.000856716801232132	0.00148468079362937
ctrx_quarter_avg3_lag3	0.000759846927114937	0.00133088284718663	0.00179961308318712
Master_fultimo_cierre_tend3_delta3	0.000759703992877553	0.00298222955126237	0.000584874252035812
Master_fechaalta_avg3_delta3	0.000759515505679146	0.00052925666245263	0.00143969046654969
Visa_cconsumos_avg3_delta3	0.000759132426228295	0.000625126509061027	0.00139470013947001
mv_fultimo_cierre	0.000755450578618838	0.000650405912750901	0.00148468079362937
mcomisiones_min3	0.000753433255206571	0.00120683635675911	0.00152967112070905
ccaja_seguridad	0.000751200663825025	0.00255885465605438	0.000359922616637423
mrentabilidad_avg3_delta3	0.00074938144209623	0.00100469651421338	0.0016196517748684
Visa_mpagospesos_ratiomax3_lag3	0.000748662103092219	0.00173620919089512	0.00175462275610744
chomebanking_trx_tend3_lag3	0.000747350296920595	0.00144774413755495	0.00143969046654969
ctransferencias_recibidas_avg3_delta3	0.000746238971502078	0.00166627977598968	0.00134970981239034
mpagomiscuentas	0.000743061989009704	0.00104649085471994	0.00103477752283259
mcuenta_corriente	0.000742583059919363	0.00158799416530281	0.00130471948531066
chomebanking_trx_lag3	0.000742446421021768	0.00245011202192321	0.00143969046654969
mtarjeta_visa_debitos_automaticos_avg3_lag3	0.000741422763827362	0.000325646672821071	0.00107976784991227
mcaja_ahorro_tend3_lag3	0.000736554842115493	0.000886260410897529	0.00152967112070905
mcomisiones_tend3_delta3	0.000735694728937226	0.00102119215094209	0.00184460341026679
cmobile_app_trx_ratioavg3_delta3	0.000734026935756158	0.00146102927888038	0.0020245647185855
mvr_msaldopesos2_lag3	0.000733997705037108	0.000847621263619094	0.00157466144778873
Visa_fechaalta_avg3	0.000733410598492546	0.00155717303827579	0.00134970981239034
Visa_fultimo_cierre_ratioavg3_lag3	0.000732989188536005	0.000800193895513043	0.0012147388311513
Visa_cconsumos_avg3_lag3	0.000732775814817512	0.000677685844790332	0.00170963242902776
mv_msaldopesos_ratiomax3_lag3	0.000731744609123124	0.000534122511555173	0.00166464210194808
mcaja_ahorro_dolares_ratiomax3	0.000729167119560616	0.00151613103004465	0.00148468079362937
ctrx_quarter_tend3_delta3	0.000728970519738584	0.000707246156454938	0.00148468079362937
mtransferencias_recibidas_max3_lag3	0.000728874774901432	0.00223303688053031	0.00152967112070905
Visa_fechaalta_min3_lag3	0.000728210547582524	0.000519004604183335	0.00143969046654969
mcomisiones	0.000723130216789797	0.000995804369835134	0.00134970981239034
mcuenta_corriente_lag3	0.000722025884863972	0.00137850618541672	0.00125972915823098
mcomisiones_ratioavg3	0.000720813011310506	0.000577689119755453	0.00125972915823098
mrentabilidad_annual_avg3	0.000719652520745281	0.00138426466358803	0.00175462275610744
Visa_mconsumosdolares_ratiomax3	0.000717831306007164	0.001304363784	0.0012147388311513
Visa_msaldopesos_avg3	0.000716951395976196	0.000824098167934807	0.0012147388311513
cmobile_app_trx_avg3_delta3	0.00071599361846828	0.00137170661596145	0.00130471948531066
Visa_mpagospesos_ratioavg3_delta3	0.000715973820329344	0.000933812858419869	0.00143969046654969
Master_fechaalta_avg3	0.000713078537510748	0.00102198011414916	0.00152967112070905
Visa_mconsumospesos_min3_lag3	0.000711961370325374	0.00063426472956093	0.00157466144778873
ctrx_quarter_tend3_lag3	0.000711428413997605	0.00138632272104597	0.00157466144778873
mcaja_ahorro_delta3	0.000710387414612394	0.000793135630647821	0.00157466144778873
Visa_msaldopesos_min3_delta3	0.000709572945518038	0.000551182675857112	0.00143969046654969
mpasivos_margen_max3_delta3	0.000706692218706335	0.00273193895846712	0.0016196517748684
Visa_fultimo_cierre_ratioavg3	0.000703421219544513	0.000374571282367218	0.00143969046654969
cliente_antiguedad_ratioavg3_delta3	0.000700114404891065	0.00124828255337107	0.00170963242902776
mcomisiones_mantenimiento_max3_delta3	0.000699969469964758	0.000952349479451779	0.00062986457911549
mcomisiones_mantenimiento	0.000699728287945916	0.00103959960984679	0.000809825887434202
mcaja_ahorro_tend3	0.000698956375188787	0.00184525171870095	0.00125972915823098
ccomisiones_mantenimiento_ratioavg3	0.000698914985525643	0.000907392522606333	0.0012147388311513
ccomisiones_otras_ratioavg3_delta3	0.000691782497789652	0.00102123260689573	0.00166464210194808
mv_Fvencimiento_max3	0.000691199254002571	0.00138630601904677	0.00143969046654969
mprestamos_personales_max3	0.000690006031851515	0.000248619650563393	0.000404912943717101
mcaja_ahorro_dolares_tend3	0.000687858691204949	0.00225017127593984	0.000944796868673235
mactivos_margen_ratiomax3	0.000687602604674055	0.000880210575628921	0.00152967112070905
ctrx_quarter_normalizado_delta3	0.000687151193429004	0.000685230694565809	0.00139470013947001
Visa_msaldototal_max3_delta3	0.000683836636203447	0.00114664049583645	0.0016196517748684
Visa_Fvencimiento_min3	0.00068309234714134	0.000419511537213455	0.00134970981239034
mtransferencias_recibidas_avg3	0.000682961082281223	0.00122445882170104	0.0016196517748684
chomebanking_trx_ratioavg3_delta3	0.000678814067899781	0.00098138683296341	0.00125972915823098
mprestamos_personales_ratiomax3_lag3	0.000678252900051954	0.00105308480400718	0.00062986457911549
mrentabilidad_tend3_lag3	0.00067528090490692	0.00198131696775841	0.00157466144778873
mrentabilidad_ratiomax3	0.000674515161029441	0.000645185610109614	0.00125972915823098
ctrx_quarter_normalizado_tend3	0.0006704769892333	0.000670506954375275	0.00148468079362937
Visa_msaldototal_avg3	0.000662838839800083	0.000807028724744419	0.00107976784991227
mtarjeta_visa_consumo_max3	0.000662264446063688	0.00200312829410167	0.00152967112070905
mcaja_ahorro_dolares_min3_delta3	0.0006618973956319	0.000986336192061993	0.00112475817699195
cprestamos_personales_ratioavg3_lag3	0.000661633348562759	0.00124129072534714	0.000494893597876457
Visa_fultimo_cierre_avg3_lag3	0.000659908054042637	0.000830052245074624	0.00112475817699195
mv_msaldopesos_tend3	0.000657584224213374	0.000641070979815884	0.000944796868673235
Visa_mpagospesos_ratiomax3_delta3	0.000656860277145017	0.00144711836931796	0.00175462275610744
mautoservicio_avg3_lag3	0.000656726012782681	0.000955420049217251	0.0016196517748684
mv_msaldototal_avg3_delta3	0.000656519966188006	0.00203248038750948	0.00143969046654969
mdescubierto_preacordado_delta3	0.00065624265564953	0.000802039652003276	0.000179961308318712
mcaja_ahorro_avg3_delta3	0.000655503931367149	0.00099400240969838	0.00112475817699195
mrentabilidad_annual_ratiomax3_delta3	0.000650065993776825	0.000976723634784588	0.00148468079362937
Visa_mpagominimo_avg3_delta3	0.000649405409020659	0.00113382969128852	0.00134970981239034
mtarjeta_visa_debitos_automaticos_min3_delta3	0.000647377238062749	0.00103806191245306	0.00062986457911549
mv_msaldototal_ratiomax3_delta3	0.000646958064712559	0.0015384831300067	0.00148468079362937
ccaja_ahorro_ratioavg3_delta3	0.000644426704510677	0.00358150062323863	0.000359922616637423
mactivos_margen_tend3_lag3	0.000643611887121149	0.000762797005820131	0.00130471948531066
Visa_mpagominimo_avg3	0.000640732755406582	0.00107296055422002	0.00139470013947001
Master_fultimo_cierre_ratiomax3_delta3	0.000639149308113203	0.000771475364608512	0.00148468079362937
Visa_mconsumospesos_ratiomax3_lag3	0.000637946668286916	0.00041080497060419	0.00112475817699195
mcaja_ahorro_min3_lag3	0.000637687905361029	0.00045817629422401	0.00148468079362937
Visa_cconsumos_min3_lag3	0.000634958478638488	0.000811662230480205	0.00116974850407162
cmobile_app_trx_max3_delta3	0.000634841088111733	0.00122138491153573	0.00143969046654969
Visa_cconsumos_avg3	0.00063452802274481	0.00103749552910214	0.00134970981239034
mtransferencias_recibidas_ratiomax3_delta3	0.000634074058819538	0.000573073800641026	0.00134970981239034
mv_msaldototal_ratiomax3	0.000632604032725723	0.000664134584944187	0.00134970981239034
mcomisiones_otras_tend3	0.000632092187078492	0.000467735033948411	0.00134970981239034
mtransferencias_emitidas_avg3	0.000631823749358106	0.000783087336768861	0.00139470013947001
ctarjeta_visa_trx_max3_lag3	0.000628832764265947	0.00216361112368988	0.00125972915823098
Visa_mpagominimo_min3	0.000628600087711773	0.00074043599812517	0.00179961308318712
Visa_fultimo_cierre_delta3	0.000627400502021478	0.000305434655690849	0.000134970981239034
mv_msaldopesos_max3_delta3	0.000626117342169075	0.00126125555288909	0.00107976784991227
mcomisiones_max3_delta3	0.000625535868546091	0.00109071626400008	0.00134970981239034
chomebanking_trx_ratiomax3_lag3	0.000622665223628286	0.000623202067596749	0.00148468079362937
cmobile_app_trx_ratiomax3_delta3	0.000622424609770874	0.00127950044566817	0.0012147388311513
mcomisiones_avg3_lag3	0.000619274662856365	0.000448936377106708	0.00107976784991227
Visa_mpagospesos_tend3_delta3	0.000617223289270028	0.000442617454073085	0.00125972915823098
Visa_cconsumos_max3	0.000615804178818639	0.000818985871555063	0.0012147388311513
ctransferencias_recibidas_avg3_lag3	0.000615597092619574	0.000903455304659744	0.00103477752283259
Visa_mconsumospesos	0.000614294053009862	0.000902953131216896	0.00157466144778873
mautoservicio_tend3_delta3	0.000612931654441553	0.00384122227825322	0.00130471948531066
ctarjeta_debito_trx_ratioavg3_lag3	0.000610659751589472	0.00145951051041908	0.00152967112070905
Master_fechaalta_min3_lag3	0.000610566217938958	0.000772054738403254	0.00139470013947001
ccaja_ahorro_max3	0.000610273811760825	0.0011799390860793	0.000404912943717101
mv_fechaalta	0.000607116577804575	0.000499824770604156	0.0012147388311513
mcaja_ahorro_min3_delta3	0.000606301981081415	0.0015760607724466	0.00148468079362937
mv_msaldototal_tend3_delta3	0.000603039599395967	0.00292404349757772	0.00139470013947001
ctrx_quarter_normalizado_tend3_delta3	0.000600790946932626	0.000792518770143745	0.0012147388311513
mvr_mpagospesos_delta3	0.000597985048541533	0.00116289265453227	0.00134970981239034
mpasivos_margen_tend3	0.000597828575908	0.0010897698173783	0.00112475817699195
mcuenta_debitos_automaticos	0.000597157930388652	0.00271210403536346	0.000944796868673235
mtarjeta_visa_debitos_automaticos_ratiomax3_lag3	0.000596781976456648	0.000664447840218218	0.00130471948531066
mvr_mpagominimo	0.000596512682880457	0.000845844170903382	0.00103477752283259
Visa_mpagospesos_ratiomax3	0.000595308760830041	0.000583528138678505	0.00125972915823098
Visa_cconsumos_tend3	0.000594646175260921	0.000843118404632667	0.000899806541593557
mvr_msaldopesos_delta3	0.000592942732018846	0.00109125221259688	0.000809825887434202
mcomisiones_mantenimiento_lag3	0.000591762767387532	0.000970739122890659	0.000674854906195168
Master_mpagospesos_min3_delta3	0.000591261758859224	0.00367415626288836	0.000899806541593557
Visa_mconsumospesos_tend3_lag3	0.000583970277598659	0.000978293993865661	0.00148468079362937
mpasivos_margen_max3_lag3	0.00058291658318852	0.000875130940936517	0.00134970981239034
Visa_Fvencimiento_lag3	0.000580543760198733	0.000676045337312587	0.000989787195752913
mvr_mconsumospesos_lag3	0.000580400902002523	0.000949554678251004	0.00175462275610744
mcomisiones_mantenimiento_avg3_lag3	0.000575978596518805	0.00101454772450168	0.00116974850407162
Visa_msaldopesos_min3	0.000573628131907327	0.000420897431992166	0.00116974850407162
Visa_mconsumospesos_tend3	0.000572210956643892	0.00078396808886042	0.00130471948531066
ctransferencias_emitidas_avg3_delta3	0.00056481662486794	0.00170458302750627	0.00125972915823098
ctarjeta_visa_trx_avg3_delta3	0.000563701337367933	0.000676586853242458	0.00112475817699195
ccajas_trx_ratioavg3	0.000562717529162918	0.00134806252357179	0.000539883924956135
mvr_msaldototal_lag3	0.000562175962815242	0.000909839922223585	0.000989787195752913
ctarjeta_visa_trx_ratioavg3_delta3	0.000561869919354466	0.000580212977413522	0.00143969046654969
mcomisiones_mantenimiento_ratioavg3	0.000561646228062154	0.000883029130784124	0.00112475817699195
mcaja_ahorro_lag3	0.000552996091095144	0.000531019280102361	0.00143969046654969
mcomisiones_mantenimiento_delta3	0.000551299952134328	0.000726498365364017	0.000539883924956135
mv_mpagospesos	0.000550235789006391	0.000956294491664664	0.00112475817699195
ctarjeta_debito_avg3_lag3	0.000547857677683078	0.000603852987092264	0.000989787195752913
cmobile_app_trx_delta3	0.000547667857173268	0.000434368151086576	0.00107976784991227
mv_mpagominimo	0.000547632601929308	0.00181539151336168	0.0016196517748684
mcuentas_saldo_avg3_lag3	0.000546455488323221	0.00179291767438318	0.0012147388311513
mtransferencias_emitidas_ratioavg3_lag3	0.000546075274809039	0.000760602734279762	0.00116974850407162
Master_fultimo_cierre_ratiomax3	0.000543844155301401	0.000449221053404317	0.00125972915823098
Visa_msaldopesos_ratioavg3	0.000542053465702914	0.000793628154046682	0.00130471948531066
internet_delta3	0.000538177257504839	0.00120427835279155	0.000809825887434202
Master_msaldototal_avg3_lag3	0.000536156175803429	0.000798457629906507	0.00116974850407162
cmobile_app_trx_tend3	0.000530504067433318	0.00131960528616597	0.00116974850407162
cproductos_min3_delta3	0.000530441463914112	0.0005871309454854	0.000449903270796779
mtransferencias_emitidas_max3_delta3	0.000525100869493471	0.000794729001372246	0.000989787195752913
ctarjeta_visa_trx_delta3	0.000524706139925948	0.00106830255221873	0.00085481621451388
Visa_mpagospesos_avg3_delta3	0.000523727224085725	0.00167913437689109	0.00116974850407162
mvr_msaldopesos_lag3	0.000521072458627214	0.000238753965209105	0.000944796868673235
ctransferencias_recibidas_avg3	0.000518817284942167	0.00044667121485859	0.00085481621451388
mtarjeta_visa_debitos_automaticos_ratiomax3_delta3	0.00051874603849843	0.00095889889007447	0.000899806541593557
Visa_cconsumos_ratioavg3_delta3	0.000518183299628291	0.00068640280375466	0.00112475817699195
mv_Finiciomora_ratiomax3	0.00051608724050953	0.000501860187574282	4.49903270796779e-05
Visa_msaldopesos_tend3_lag3	0.000515709197745529	0.0012612781933769	0.00130471948531066
mcomisiones_mantenimiento_max3	0.000513760956393621	0.000683436157539814	0.000899806541593557
mpayroll_min3_delta3	0.000513442810504434	0.00110086031600783	0.00062986457911549
mautoservicio_ratioavg3	0.000510585200616215	0.000578894632942719	0.00157466144778873
Master_mpagominimo_max3_lag3	0.000508162515242754	0.000851294961133737	0.0012147388311513
ctarjeta_visa_debitos_automaticos_ratioavg3_delta3	0.000507965988997778	0.00142087804394033	0.00125972915823098
Master_mpagominimo_max3_delta3	0.000505714766855877	0.00125910619116881	0.000899806541593557
mtransferencias_emitidas_ratioavg3_delta3	0.000504463671174765	0.000623470413050688	0.000944796868673235
mcaja_ahorro_dolares_avg3_delta3	0.000502272330862888	0.00112498913753005	0.000809825887434202
ctransferencias_emitidas_max3_delta3	0.000501408744622375	0.000994705007131722	0.000809825887434202
mdescubierto_preacordado_ratioavg3_delta3	0.000500723103468276	0.000902007798061734	0.000404912943717101
mautoservicio_avg3	0.000497579977931473	0.00110207770617231	0.00112475817699195
cproductos_ratioavg3	0.000496203423516926	0.00188256843879766	0.000899806541593557
Visa_msaldototal_tend3	0.000493827119707549	0.000725048260677241	0.00103477752283259
mtransferencias_recibidas_min3	0.000492862029875699	0.00244261839161197	0.00139470013947001
Visa_cconsumos_max3_lag3	0.000492214751840971	0.000617649951904533	0.000989787195752913
mcuenta_debitos_automaticos_min3	0.00049198391788396	0.00107546956565657	0.000584874252035812
mv_Fvencimiento_lag3	0.000490551219558932	0.000746027456304409	0.00103477752283259
ctrx_quarter_lag3	0.000490457833507578	0.000510853657414383	0.00125972915823098
ccomisiones_mantenimiento_delta3	0.000489230691991247	0.000548721543484956	0.000224951635398389
tcallcenter_avg3_delta3	0.000488501220361747	0.00224290293704014	0.00062986457911549
mv_fechaalta_delta3	0.000485293097532972	0.00028180503836717	0.000494893597876457
mv_msaldototal_ratioavg3	0.000484057212753365	0.00102126638204968	0.0012147388311513
ccuenta_debitos_automaticos_avg3_lag3	0.000482616297172332	0.00142302889028276	0.000989787195752913
tmobile_app_delta3	0.000482077309099651	0.000503650270733821	0.000764835560354524
ccuenta_debitos_automaticos_ratiomax3_delta3	0.000481281550677443	0.00126665920636612	0.000494893597876457
mv_mfinanciacion_limite_avg3_delta3	0.000481236126487771	0.00200532701950849	0.000494893597876457
mcomisiones_mantenimiento_ratiomax3	0.000477347199222109	0.000667580392958528	0.000584874252035812
ctarjeta_visa_debitos_automaticos_min3_lag3	0.000476258310225754	0.000951149533597581	0.000449903270796779
ctarjeta_visa_trx_min3_delta3	0.000476073414928631	0.000541932366384748	0.000719845233274846
mtarjeta_visa_debitos_automaticos_max3_delta3	0.000475796641698302	0.00110672271772977	0.0012147388311513
mv_mconsumospesos_delta3	0.000474643031651509	0.000948067458010433	0.00103477752283259
mv_status07_max3	0.000473787454569331	0.000425970385884886	0.000314932289557745
mv_mpagominimo_delta3	0.000473665009399998	0.00086981822056628	0.000944796868673235
mextraccion_autoservicio_max3_lag3	0.000473123402029961	0.000462950096753141	0.000989787195752913
mvr_mpagospesos	0.000472784733087914	0.00114728111029496	0.00134970981239034
ctarjeta_visa_debitos_automaticos_avg3_lag3	0.000472410330639614	0.000666054943697548	0.00112475817699195
mplazo_fijo_dolares_ratioavg3	0.000471095130162391	0.00121491789744246	0.000179961308318712
mtransferencias_recibidas_lag3	0.000470717347999313	0.00141073547655473	0.000989787195752913
ctarjeta_visa_debitos_automaticos_avg3_delta3	0.000469816944542753	0.00154253651963667	0.00085481621451388
mcomisiones_mantenimiento_max3_lag3	0.000467887347851862	0.00133517266289427	0.000809825887434202
ccomisiones_otras_tend3_delta3	0.000465838573024523	0.00294767051681264	0.00085481621451388
mcaja_ahorro_dolares_max3_delta3	0.000465471916635482	0.00135473590014415	0.000944796868673235
ctransferencias_emitidas_ratiomax3_delta3	0.000464798682359128	0.00058617781806394	0.00112475817699195
mv_msaldototal_delta3	0.000464478601217712	0.000730987120440002	0.000944796868673235
mv_msaldopesos_min3	0.000460292517227088	0.00143549229324717	0.00143969046654969
mcuenta_debitos_automaticos_ratiomax3	0.000458305379545304	0.000954799106002258	0.000944796868673235
ccajas_otras_ratioavg3	0.000456052700983666	0.00226621595868995	0.000359922616637423
ccallcenter_trx_avg3_delta3	0.000455145025470216	0.00112226114432611	0.000719845233274846
Visa_mpagospesos_ratioavg3	0.000453982498754065	0.000684691405569166	0.00116974850407162
cprestamos_personales_avg3_delta3	0.000446322041809966	0.000733476460633043	0.000314932289557745
tmobile_app_tend3	0.000444710784760291	0.00103960369255771	0.000719845233274846
mvr_mpagominimo_delta3	0.000444487208198628	0.000936155592175419	0.000899806541593557
ccomisiones_mantenimiento_avg3	0.000444029998854549	0.00229629737272984	0.000764835560354524
mpayroll_min3	0.000442461440609775	0.000870570552841708	0.000899806541593557
mtransferencias_recibidas_min3_lag3	0.000440373336011499	0.000536539105262775	0.00116974850407162
ctarjeta_visa_trx_lag3	0.000440366232542457	0.000434249381314431	0.00112475817699195
ctarjeta_debito_trx_ratioavg3	0.000440309568219586	0.000746929735417169	0.00139470013947001
ctarjeta_visa_debitos_automaticos_ratiomax3_delta3	0.000432350848592409	0.000420216361580025	0.000674854906195168
ccajas_trx_ratioavg3_lag3	0.000430140581875927	0.00193717024345232	0.000764835560354524
mv_msaldopesos_ratiomax3	0.000429009791203882	0.000394109652196058	0.000764835560354524
mcuenta_debitos_automaticos_max3_lag3	0.000427053129946075	0.000720522390047461	0.000809825887434202
ccomisiones_mantenimiento	0.000424668861396205	0.00141693971252713	0.000359922616637423
ccallcenter_trx	0.000423437000811981	0.00160830231171736	0.000404912943717101
mprestamos_personales_ratioavg3_lag3	0.000423091252916781	0.000640086675329237	0.00062986457911549
mv_mpagospesos_delta3	0.000421981481600216	0.000800200947468264	0.000989787195752913
ctarjeta_visa_trx	0.0004124533982137	0.00106425992609936	0.00152967112070905
tmobile_app_avg3_delta3	0.000411826439613602	0.00158059295272052	0.000989787195752913
Visa_mpagominimo_ratiomax3	0.000411654302714441	0.000409270984765837	0.00125972915823098
Master_msaldopesos_ratioavg3	0.000410874836514587	0.000859324911197317	0.00107976784991227
mactivos_margen_ratiomax3_lag3	0.00041027685798114	0.000584892506436014	0.00103477752283259
mtarjeta_visa_consumo_tend3_lag3	0.000409720317234596	0.000692480104533077	0.00085481621451388
mextraccion_autoservicio_ratioavg3_delta3	0.000409375893747588	0.000993564446163597	0.00107976784991227
mv_cconsumos	0.000405923051483383	0.000649534068392253	0.000899806541593557
ccuenta_debitos_automaticos_ratiomax3	0.000403130005878848	0.00115242792413973	0.000584874252035812
Master_msaldototal_ratioavg3	0.000398963123675865	0.000457382763683869	0.000584874252035812
mv_mfinanciacion_limite_ratioavg3_delta3	0.000396941624721101	0.00095297970155522	0.000314932289557745
ctarjeta_visa_trx_ratiomax3_lag3	0.000384347301183093	0.000604244185029265	0.000989787195752913
Visa_mconsumospesos_avg3_delta3	0.000383526886159096	0.000505103715820439	0.000899806541593557
mtransferencias_emitidas_avg3_delta3	0.000382790323279091	0.00134106772630355	0.000944796868673235
Visa_mconsumosdolares_delta3	0.000382506428598291	0.000577210329111495	0.000764835560354524
mtransferencias_emitidas_tend3	0.00038108147513759	0.000668050647025113	0.00062986457911549
mpagomiscuentas_min3_delta3	0.00037920215193838	0.00204015773981201	0.000584874252035812
mtransferencias_emitidas_max3_lag3	0.000377156463673398	0.000468227186191735	0.00103477752283259
mcuenta_debitos_automaticos_avg3_delta3	0.000375877260681355	0.00199050529425594	0.000674854906195168
mv_msaldototal_tend3	0.000374341284814065	0.00044000748833021	0.00062986457911549
Master_msaldototal_min3_delta3	0.000373132252999308	0.00181523637034682	0.000584874252035812
thomebanking	0.000372289552442634	0.000574748083272725	0.000494893597876457
ctarjeta_debito_lag3	0.000371488439329347	0.000256844457284397	0.000674854906195168
ccaja_ahorro_avg3	0.000370391107226575	0.00131255815596689	0.000494893597876457
mtransferencias_emitidas	0.000368978170342224	0.00173210124140107	0.00085481621451388
Master_mpagominimo_tend3	0.000367166683743521	0.000888664385316841	0.00062986457911549
Visa_cconsumos_min3	0.000366324651024616	0.000953420634334306	0.000899806541593557
Visa_mlimitecompra_ratioavg3	0.000363712853055185	0.00105312860036066	0.000134970981239034
ccallcenter_trx_ratiomax3	0.000363129892994199	0.00051911595084472	0.000449903270796779
mpayroll_sobre_edad_ratioavg3	0.000357237421979605	0.00113290217359918	0.000764835560354524
mpayroll_sobre_edad_tend3	0.000356670367873527	0.000592300770973525	0.000314932289557745
mcuenta_debitos_automaticos_ratiomax3_delta3	0.000353976078723201	0.0008704306272039	0.000899806541593557
Visa_delinquency_max3	0.000351676738460867	0.000174017758590689	0.000179961308318712
ccallcenter_trx_avg3	0.000351577100936094	0.000705705860972439	0.000584874252035812
mv_Finiciomora	0.000349011219425386	0.00106241379845359	0.000224951635398389
ctarjeta_visa_trx_avg3	0.000348998494927488	0.00152796643783885	0.00112475817699195
Visa_mpagominimo_max3_delta3	0.000348392609871277	0.000819358140559629	0.000764835560354524
Master_msaldototal_min3	0.000343381973258931	0.00108815640425483	0.000719845233274846
Master_msaldototal	0.000342854057169501	0.00116767016861678	0.00062986457911549
mpagomiscuentas_avg3	0.000342544119994556	0.000618801276383259	0.000944796868673235
mv_mpagominimo_lag3	0.00033980169098194	0.00070400448398647	0.000989787195752913
mautoservicio_ratiomax3_delta3	0.000337770594475114	0.00122262494218802	0.000944796868673235
mcaja_ahorro_avg3_lag3	0.000337457156481104	0.00101469507325025	0.000764835560354524
mv_msaldototal_max3	0.000335826139215177	0.00121618242436026	0.00112475817699195
Master_status	0.000335012503063737	0.000870649980126829	0.000404912943717101
mv_msaldototal_avg3	0.000333468352302954	0.000811602845594133	0.000989787195752913
mpayroll_max3_lag3	0.000333152409028477	9.94091858183026e-05	0.000314932289557745
Master_mpagospesos_lag3	0.00033282873942626	0.000459060757870948	0.000674854906195168
mautoservicio_lag3	0.000332362242492779	0.000487404421682148	0.00103477752283259
Visa_mconsumosdolares_min3_delta3	0.000328640708035862	0.000522123053013203	0.000809825887434202
cpagomiscuentas_ratiomax3	0.000328330790726923	0.000247642769187505	0.000584874252035812
mtransferencias_emitidas_tend3_delta3	0.000327899966106494	0.000317485704852595	0.000674854906195168
ccajas_trx_avg3	0.000327682149333146	0.00279519351217804	0.000584874252035812
ctarjeta_debito_trx_ratiomax3	0.000326610508093169	0.00104569175684673	0.000809825887434202
mprestamos_personales_ratioavg3_delta3	0.000326041304171268	0.00146651013270931	0.000674854906195168
cpagomiscuentas_ratioavg3_delta3	0.000323708313922424	0.00165912946455105	0.000944796868673235
ctransferencias_recibidas	0.000322629668196384	0.000745889386444291	0.000494893597876457
mprestamos_personales_min3_delta3	0.000320683219240834	0.000796696496878927	0.000539883924956135
ccajas_consultas_avg3	0.0003176554692047	0.00147445323237701	0.000539883924956135
Visa_fechaalta_tend3_delta3	0.000317383490560153	0.000207596942420233	0.000449903270796779
ctarjeta_master_trx_delta3	0.00031563765493397	0.00116802016828907	0.000584874252035812
mplazo_fijo_dolares	0.000312525329076804	0.00144949005320547	0.000269941962478067
mtarjeta_visa_debitos_automaticos_tend3_delta3	0.000310937952112128	0.000455987218861172	0.000764835560354524
Visa_cconsumos_tend3_delta3	0.000308517086692547	0.000651894988769162	0.000764835560354524
ctarjeta_visa_trx_min3	0.000307861216334122	0.00145645701380836	0.00148468079362937
Master_mpagominimo_min3	0.000305980408739982	0.00152612476405953	0.000494893597876457
mforex_buy_max3_delta3	0.000304072949401343	0.00380576467624611	0.000359922616637423
internet_max3_delta3	0.000303594965328204	0.00187838366010726	0.000449903270796779
mprestamos_personales_avg3_lag3	0.000296886742995011	0.00172030962996035	0.000539883924956135
mextraccion_autoservicio_min3_lag3	0.000291544719337101	0.00108546589776022	0.000764835560354524
mpayroll_sobre_edad_tend3_delta3	0.000289400434136687	0.00144848607747531	0.000494893597876457
internet	0.000288766134079518	0.000150535861171115	0.000449903270796779
ccajas_otras_avg3_delta3	0.000287359508643764	0.00262935639279934	0.000539883924956135
ccajas_consultas_avg3_lag3	0.000285003915356167	0.00206060618301991	0.000674854906195168
ctransferencias_emitidas	0.00028476227202959	0.0002643484799507	0.000584874252035812
ccallcenter_trx_max3	0.000284663270301172	0.00050349475656342	0.000494893597876457
mpayroll_min3_lag3	0.000283854795626342	0.00048158470284707	0.000314932289557745
ctarjeta_visa_debitos_automaticos_ratiomax3	0.000279007723047201	0.000396440508974393	0.00062986457911549
mprestamos_personales_tend3_delta3	0.000278542739560043	0.00108982771764222	0.000539883924956135
cprestamos_personales_tend3	0.000277590776308293	0.000310466782474395	8.99806541593557e-05
mtarjeta_visa_debitos_automaticos_tend3_lag3	0.000275306005532779	0.000882933001499795	0.00062986457911549
mpayroll_ratiomax3_delta3	0.000274062925757976	0.000649012966016969	0.000584874252035812
internet_ratioavg3_lag3	0.000273715343150299	0.00109614478489816	0.000449903270796779
mforex_sell_ratioavg3_delta3	0.000272935909994936	0.000698832802720654	0.00062986457911549
Master_mpagominimo_delta3	0.000270515766385157	0.0023578145473676	0.000449903270796779
ctransferencias_recibidas_max3_lag3	0.000270001668297915	0.000179599195570403	0.000584874252035812
Master_mpagospesos_avg3	0.000268575954283891	0.000678636002967488	0.00062986457911549
ccajas_consultas_avg3_delta3	0.000268425609841891	0.00096374729486673	0.000449903270796779
Master_mpagominimo	0.00026682320906412	0.000302223789132031	0.000809825887434202
mv_Finiciomora_max3	0.000264509500251804	0.000803820456274367	0.000134970981239034
ctransferencias_recibidas_max3_delta3	0.000264345788550324	0.000755869387704267	0.000584874252035812
mv_Finiciomora_min3	0.000261935192088937	0.00141888493870153	0.000179961308318712
mv_Fvencimiento_tend3_delta3	0.000261770555016624	0.00153409273114827	0.00062986457911549
ccomisiones_mantenimiento_max3	0.000261392829291807	0.00116970929714229	0.000269941962478067
mcuenta_debitos_automaticos_ratiomax3_lag3	0.000261121321678984	0.000293180584449844	0.000674854906195168
matm	0.000260864858584445	0.000233649091940121	0.000494893597876457
ctarjeta_visa_debitos_automaticos_ratioavg3_lag3	0.000260483676474445	0.000614632457380988	0.000719845233274846
ccajas_consultas_tend3	0.000259241910072794	0.00145824895274559	0.000269941962478067
mpayroll_sobre_edad_min3_delta3	0.000257830456054982	0.000751440388669893	0.000314932289557745
Visa_mpagado_avg3_delta3	0.000257036427498794	0.00129338574549847	0.000404912943717101
mcheques_depositados_ratiomax3	0.000256132254566356	0.00160325348293461	0.000269941962478067
thomebanking_tend3	0.000255585342934296	0.000493811679733804	0.000224951635398389
ctarjeta_debito_avg3_delta3	0.00025219366921665	0.00172508083440072	0.000404912943717101
mpayroll_sobre_edad_max3	0.00025091141607953	0.0010111846841723	0.000494893597876457
internet_tend3_delta3	0.000249712442410688	0.000269111890124768	0.000269941962478067
mv_status07_max3_delta3	0.000247837673601356	0.000832293282212775	0.000179961308318712
mpagomiscuentas_tend3	0.000247327553938108	0.00152267932720073	0.000494893597876457
mplazo_fijo_dolares_avg3_delta3	0.000244468172565427	0.00119510709944877	0.000269941962478067
mtarjeta_master_consumo_ratiomax3	0.000242828358207273	0.000742256144883284	0.000719845233274846
mautoservicio_min3_lag3	0.000234859172688427	0.000961108378991895	0.000674854906195168
tcallcenter	0.00023450814207882	0.000104368937271948	8.99806541593557e-05
tcallcenter_ratioavg3	0.000233393650857003	0.000241127876029843	0.000449903270796779
cprestamos_personales_ratioavg3	0.000232933383953757	0.0010486468972399	0.000359922616637423
cplazo_fijo_ratiomax3	0.000231433878027978	0.000378819899810148	8.99806541593557e-05
matm_lag3	0.000230435670877269	0.00114409511115718	0.000764835560354524
ctransferencias_recibidas_tend3	0.000230281505067863	0.000408395800007347	0.000449903270796779
mv_status06_avg3	0.000227944900475099	0.000304906872515882	0.000314932289557745
mpayroll_max3	0.000226359118665508	0.000425856441134735	0.000269941962478067
ccaja_seguridad_min3_lag3	0.000217572570103947	0.000186802582250965	8.99806541593557e-05
ccomisiones_otras_delta3	0.00021492584943066	0.0013187557111396	0.000539883924956135
Visa_mconsumosdolares_min3	0.000214489577676114	0.000847635367529536	0.000494893597876457
mforex_sell_ratiomax3_lag3	0.000214452946633113	0.00143364171173494	0.000449903270796779
mforex_sell_tend3_delta3	0.000211784695819821	0.00101716028833332	0.000314932289557745
ccallcenter_trx_tend3_delta3	0.000211593338119653	0.000688896968969694	0.000404912943717101
mprestamos_prendarios	0.000209968940988946	0.00351340879940159	0.000314932289557745
Master_fechaalta_tend3	0.000209694575910653	0.00016704226141043	0.000404912943717101
mpayroll_sobre_edad_max3_lag3	0.000208385243370464	0.000348433395918063	0.000404912943717101
mcomisiones_mantenimiento_tend3	0.000207494967610469	0.000614448364234164	0.000404912943717101
cpayroll_trx_min3_delta3	0.000205843222365103	0.000587283490411498	0.000134970981239034
mtarjeta_visa_debitos_automaticos_tend3	0.000205188377836709	0.00145335192657785	0.000539883924956135
mv_mfinanciacion_limite_ratioavg3	0.00020274175062866	0.000400785998012729	0.000224951635398389
mtarjeta_master_consumo_min3	0.000200985767805027	0.00259032790336159	0.000539883924956135
mextraccion_autoservicio_lag3	0.000200084646948007	0.000644472620321209	0.00085481621451388
ccallcenter_trx_delta3	0.000195475037363612	0.000530098814368242	0.000404912943717101
mplazo_fijo_dolares_ratiomax3	0.00019398950780832	0.0011166180955271	0.000134970981239034
mpayroll_tend3	0.000193737101685937	0.000224811507425959	0.000134970981239034
mtarjeta_visa_consumo_tend3	0.000189850576701575	0.00176274161568111	0.000539883924956135
mtarjeta_master_consumo_avg3_lag3	0.000184275808554149	0.000525794152439081	0.000494893597876457
cextraccion_autoservicio_tend3	0.000183989961762428	0.000499806583982796	0.000449903270796779
ccuenta_debitos_automaticos_max3_delta3	0.000181369989158434	0.000268542166374013	0.000224951635398389
cproductos_ratiomax3_delta3	0.000179421795505157	0.000540293343529154	0.000404912943717101
mttarjeta_master_debitos_automaticos_ratiomax3_delta3	0.000178124747313347	0.00117201565765512	0.000314932289557745
mtransferencias_emitidas_min3_delta3	0.000177447543901417	0.00161677950420417	0.000674854906195168
Visa_status_max3_delta3	0.00017559915300749	0.00109605904796889	0.000134970981239034
Visa_mpagado_max3	0.000174793560385009	0.000317749967595616	0.000404912943717101
mv_status06_avg3_delta3	0.000170468788747901	0.000851409648194964	0.000224951635398389
mprestamos_hipotecarios_avg3	0.000167624313009415	0.00234654515176878	0.000224951635398389
minversion1_pesos_delta3	0.00016759618275823	0.00152146490628055	0.000179961308318712
mprestamos_personales_lag3	0.000167251684503888	0.00157449078452106	0.000359922616637423
mv_Fvencimiento_tend3	0.000165542609373322	0.000196387674018561	0.000314932289557745
cpayroll_trx_ratiomax3_delta3	0.000165332191544119	0.00216222411544456	0.000404912943717101
mv_status02	0.000165045323470583	0.00173542716617665	0.000269941962478067
cprestamos_personales_avg3	0.000163124114817174	0.000930523306887006	0.000314932289557745
Visa_fultimo_cierre_tend3	0.000158931064614118	0.000137545046187276	0.000224951635398389
cproductos_ratioavg3_lag3	0.000157842261244426	0.000731651117697397	0.000179961308318712
Visa_mfinanciacion_limite_ratioavg3	0.000155841783541981	0.00117213145818296	0.000224951635398389
cprestamos_personales_tend3_lag3	0.000155761329246009	0.00262594361762787	0.000269941962478067
matm_min3	0.00015483287722376	0.000466356933435997	0.000359922616637423
ctarjeta_debito_min3_lag3	0.00015139493876965	0.000211426525260816	0.000404912943717101
ctarjeta_visa_debitos_automaticos_delta3	0.000146558198494797	0.000391183090779311	0.000224951635398389
Visa_delinquency_tend3	0.000144266870437745	0.000257575262538624	8.99806541593557e-05
Master_mfinanciacion_limite_tend3_delta3	0.000143793945365861	0.00103928858150599	0.000179961308318712
Master_mlimitecompra_max3_delta3	0.000142584971162933	0.00135614777581052	0.000314932289557745
cprestamos_personales	0.000141567564414968	2.77319994846565e-05	4.49903270796779e-05
Visa_fultimo_cierre_max3_delta3	0.000140978704983171	9.26741974266356e-05	0.000404912943717101
Visa_msaldodolares_tend3_lag3	0.000140367440520116	0.000647086297619463	0.000359922616637423
Master_cconsumos_min3	0.000139708529881678	0.000812046005306447	0.000314932289557745
mpayroll_sobre_edad_avg3	0.000138148480380414	0.000230509858400128	0.000314932289557745
thomebanking_tend3_delta3	0.000137343155715417	0.00036279229021479	0.000314932289557745
ctransferencias_emitidas_min3_delta3	0.000132815710274264	0.000234493841944499	0.000269941962478067
cpagomiscuentas_avg3_delta3	0.000132745373703057	0.000747270827356546	0.000359922616637423
mpayroll_sobre_edad_avg3_delta3	0.000132701838065001	0.000198921181720618	0.000359922616637423
mv_msaldodolares_max3_delta3	0.000132216505740797	0.00151790441120498	0.000494893597876457
ccaja_seguridad_lag3	0.000129685092564593	0.000109468985518939	0.000134970981239034
Visa_mconsumosdolares_ratioavg3_delta3	0.000128664448837961	0.000352895798950853	0.000449903270796779
mcaja_ahorro_adicional	0.000127334133707778	0.00229211407866158	0.000269941962478067
cproductos_ratiomax3	0.000117946302351366	0.000580638692815553	0.000404912943717101
Visa_mpagado_ratioavg3	0.000116683106042805	0.00029547692376315	0.000179961308318712
ctarjeta_visa_avg3_delta3	0.000111857564540936	0.000333175562908416	8.99806541593557e-05
mprestamos_personales_min3_lag3	0.000111827713589395	0.000671034737550242	0.000224951635398389
mprestamos_prendarios_avg3	0.000111786031045317	0.00176689410383971	0.000179961308318712
mvr_mpagado	0.000109879059653217	0.000469908891934193	0.000269941962478067
Visa_Fvencimiento_delta3	0.000109355829783181	8.05708153340388e-05	0.000179961308318712
ctarjeta_debito_ratiomax3	0.000107636462590186	0.00178934270424163	0.000224951635398389
ccajas_consultas_ratioavg3	0.000106147159296534	0.00053370459041944	0.000269941962478067
mv_Finiciomora_avg3	0.000103639483638495	0.000955750377646028	0.000134970981239034
ctarjeta_visa_debitos_automaticos_min3	9.97888457637541e-05	0.00036412585206265	0.000314932289557745
ccuenta_debitos_automaticos_tend3_delta3	9.78600377642258e-05	0.00143546742582613	0.000269941962478067
ccallcenter_trx_min3_delta3	9.73422233885089e-05	0.000772902828807473	0.000134970981239034
mvr_msaldototal	9.4293603200285e-05	0.000404684244627833	0.000404912943717101
mpayroll_sobre_edad_ratiomax3_delta3	9.34346647798726e-05	0.000481505275561948	0.000494893597876457
mv_Finiciomora_tend3	9.32331624950833e-05	0.000668877581563668	0.000179961308318712
mpayroll_sobre_edad_delta3	9.23148746647287e-05	0.000150399647088687	0.000269941962478067
mprestamos_prendarios_tend3_lag3	9.05508226133769e-05	0.00239540740718455	0.000224951635398389
active_quarter_tend3_delta3	9.03309258179315e-05	0.00114376255579518	0.000269941962478067
mcaja_ahorro_adicional_max3	9.02650761439972e-05	0.00104656397236091	0.000224951635398389
mvr_mpagosdolares	8.10591638815077e-05	0.00106766676278222	0.000404912943717101
Master_mlimitecompra_ratioavg3_delta3	8.03579393064336e-05	0.000429493765406659	0.000134970981239034
Master_mpagominimo_min3_delta3	7.97860829630469e-05	0.00029085863540442	0.000134970981239034
mplazo_fijo_dolares_avg3	7.3812545465936e-05	0.000305448017290215	0.000134970981239034
mpayroll_tend3_delta3	7.18036562406714e-05	0.000175442253545347	0.000179961308318712
ccomisiones_mantenimiento_max3_delta3	6.92429154801523e-05	0.00119593292052071	0.000179961308318712
cseguro_vida_delta3	6.48855200182353e-05	0.00096839267757973	0.000134970981239034
Master_delinquency	6.31776538107663e-05	0.000112397402713376	4.49903270796779e-05
Master_mpagado_max3	6.08482094855565e-05	0.000352277453824626	0.000134970981239034
Master_mfinanciacion_limite_min3_delta3	5.82060100946638e-05	0.000785136115338353	0.000134970981239034
Visa_status	5.65567792404697e-05	0.00118649480634614	0.000134970981239034
ctarjeta_visa_debitos_automaticos_tend3	5.58582157800082e-05	0.000191487307450988	8.99806541593557e-05
mv_status02_delta3	5.5375799237086e-05	0.000418765885737711	0.000224951635398389
internet_lag3	5.18894630689844e-05	6.97104331380414e-05	0.000134970981239034
Visa_fechaalta_delta3	4.86631319019101e-05	0.000190397965947101	0.000134970981239034
mprestamos_personales_min3	4.65155034334508e-05	8.25835918163495e-05	0.000134970981239034
cpayroll_trx_avg3	4.54774931936398e-05	0.000964031228853263	0.000359922616637423
mpayroll_delta3	4.18542202222666e-05	8.29365607329414e-05	0.000179961308318712
mpayroll_avg3_lag3	3.96348171685358e-05	8.83539469648807e-05	0.000314932289557745
cpayroll_trx_min3	3.53586971040513e-05	0.000513417228715014	0.000179961308318712
mplazo_fijo_dolares_min3_delta3	3.5321303282286e-05	0.000326675144816735	4.49903270796779e-05
ctarjeta_master_descuentos_delta3	3.24418527863894e-05	9.19875596814254e-05	0.000179961308318712
mplazo_fijo_dolares_min3_lag3	3.0365174310723e-05	0.0004077303181278	4.49903270796779e-05
tcallcenter_min3_delta3	2.87966759442417e-05	0.00042771444575772	8.99806541593557e-05
tpaquete9	1.85611787508208e-05	8.13387361420604e-05	4.49903270796779e-05
ccuenta_debitos_automaticos_avg3_delta3	1.69152861975256e-05	1.19482390777331e-05	4.49903270796779e-05
Master_Finiciomora	1.16324587991238e-05	9.09850685734186e-06	4.49903270796779e-05
ccuenta_debitos_automaticos_min3_delta3	8.81435512598896e-06	1.88992399924879e-05	4.49903270796779e-05
mv_status05_ratiomax3	6.60907794267937e-06	0.000114979531790904	0.000224951635398389
minversion1_pesos_min3_delta3	5.80129592466759e-06	8.90995984406252e-06	4.49903270796779e-05
mv_status04_max3	9.49689417553126e-08	9.24455656152575e-05	8.99806541593557e-05
