fecha	objective	metric	first_metric_only	boost_from_average	feature_pre_filter	verbosity	seed	max_depth	min_gain_to_split	lambda_l1	lambda_l2	max_bin	num_iterations	force_row_wise	seed	learning_rate	feature_fraction	min_data_in_leaf	num_leaves	prob_corte	ganancia	iteracion
20220530 035719	binary	custom	TRUE	TRUE	FALSE	-100	999007	-1	0	0	0	31	70	TRUE	999007	0.107301267149742	0.714272244321182	5673	726	0.0110601884075246	12909000	1
20220530 035734	binary	custom	TRUE	TRUE	FALSE	-100	999007	-1	0	0	0	31	48	TRUE	999007	0.138974451898132	0.570821671169251	3180	631	0.0424237940504099	8817000	2
20220530 035747	binary	custom	TRUE	TRUE	FALSE	-100	999007	-1	0	0	0	31	49	TRUE	999007	0.236239158202778	0.501543885283172	4194	361	0.0327278152918249	9941000	3
20220530 035759	binary	custom	TRUE	TRUE	FALSE	-100	999007	-1	0	0	0	31	40	TRUE	999007	0.0943947457976173	0.603973094448447	7407	567	0.02021552597483	12823000	4
20220530 035809	binary	custom	TRUE	TRUE	FALSE	-100	999007	-1	0	0	0	31	39	TRUE	999007	0.148269509503385	0.779807956330478	3472	200	0.0261604341920853	11351000	5
20220530 035829	binary	custom	TRUE	TRUE	FALSE	-100	999007	-1	0	0	0	31	66	TRUE	999007	0.0803933570025256	0.473629341376945	1917	714	0.0304971485607287	10768000	6
20220530 035838	binary	custom	TRUE	TRUE	FALSE	-100	999007	-1	0	0	0	31	32	TRUE	999007	0.272602828143514	0.234433476123959	7741	591	0.0232543793327447	12449000	7
20220530 035851	binary	custom	TRUE	TRUE	FALSE	-100	999007	-1	0	0	0	31	47	TRUE	999007	0.207931338140392	0.28854241755791	2702	429	0.0408769174988265	8671000	8
20220530 035924	binary	custom	TRUE	TRUE	FALSE	-100	999007	-1	0	0	0	31	277	TRUE	999007	0.0229365044407314	0.728097850037739	6219	242	0.0289228388869863	11134000	9
20220530 035934	binary	custom	TRUE	TRUE	FALSE	-100	999007	-1	0	0	0	31	14	TRUE	999007	0.214309674313525	0.268696318911389	1229	502	0.0127164760429878	11848000	10
20220530 035948	binary	custom	TRUE	TRUE	FALSE	-100	999007	-1	0	0	0	31	76	TRUE	999007	0.194094408220146	0.668714622622356	2183	800	0.00931159617418113	12124000	11
20220530 035958	binary	custom	TRUE	TRUE	FALSE	-100	999007	-1	0	0	0	31	25	TRUE	999007	0.257650794517365	0.525744078494608	6778	927	0.0348797900650728	10338000	12
20220530 040038	binary	custom	TRUE	TRUE	FALSE	-100	999007	-1	0	0	0	31	196	TRUE	999007	0.0392971283659572	0.388905022339895	3717	152	0.0456883311635465	8231000	13
20220530 040045	binary	custom	TRUE	TRUE	FALSE	-100	999007	-1	0	0	0	31	18	TRUE	999007	0.289871598801343	0.888183392100036	4543	93	0.0151245594218684	12133000	14
20220530 040057	binary	custom	TRUE	TRUE	FALSE	-100	999007	-1	0	0	0	31	14	TRUE	999007	0.250330228853971	0.32556218595244	948	984	0.0365641354651113	7851000	15
20220530 040122	binary	custom	TRUE	TRUE	FALSE	-100	999007	-1	0	0	0	31	219	TRUE	999007	0.0337323910922278	0.997577079106122	6810	271	0.048233504772846	7792000	16
20220530 040148	binary	custom	TRUE	TRUE	FALSE	-100	999007	-1	0	0	0	31	126	TRUE	999007	0.0666158391358331	0.947677234252915	5171	849	0.0175479837348879	13329000	17
20220530 040155	binary	custom	TRUE	TRUE	FALSE	-100	999007	-1	0	0	0	31	44	TRUE	999007	0.175210789195262	0.866435037050396	6	18	0.0379832277675935	5695000	18
20220530 040214	binary	custom	TRUE	TRUE	FALSE	-100	999007	-1	0	0	0	31	31	TRUE	999007	0.120908324638731	0.801345122605562	588	909	0.0470932258622876	7052000	19
20220530 040225	binary	custom	TRUE	TRUE	FALSE	-100	999007	-1	0	0	0	31	32	TRUE	999007	0.161263912969385	0.438875167174265	5503	404	0.0214153807823701	12964000	20
20220530 040257	binary	custom	TRUE	TRUE	FALSE	-100	999007	-1	0	0	0	31	162	TRUE	999007	0.0267280307851676	0.207490392511278	4742	812	0.0180779725419384	13490000	21
20220530 040425	binary	custom	TRUE	TRUE	FALSE	-100	999007	-1	0	0	0	31	368	TRUE	999007	0.0100740376359783	0.537424869114221	4172	741	0.0170394488208772	13781000	22
20220530 040552	binary	custom	TRUE	TRUE	FALSE	-100	999007	-1	0	0	0	31	403	TRUE	999007	0.0100006954813622	0.565723053135379	4515	1024	0.0170149919627463	13708000	23
20220530 040804	binary	custom	TRUE	TRUE	FALSE	-100	999007	-1	0	0	0	31	857	TRUE	999007	0.0100788145529723	0.541076511891472	4460	845	0.0199673864764588	12959000	24
20220530 040824	binary	custom	TRUE	TRUE	FALSE	-100	999007	-1	0	0	0	31	41	TRUE	999007	0.0836530965770324	0.474474567040964	4935	819	0.0161497537190173	13965000	25
20220530 040954	binary	custom	TRUE	TRUE	FALSE	-100	999007	-1	0	0	0	31	428	TRUE	999007	0.0101108731896213	0.425419758137234	5444	830	0.0152594727116337	13389000	26
20220530 041011	binary	custom	TRUE	TRUE	FALSE	-100	999007	-1	0	0	0	31	66	TRUE	999007	0.130323340891921	0.538990550179358	4217	780	0.0169294217575935	12987000	27
20220530 041036	binary	custom	TRUE	TRUE	FALSE	-100	999007	-1	0	0	0	31	60	TRUE	999007	0.0583489004123007	0.466491484060082	3305	353	0.0160365853496549	13894000	28
20220530 041101	binary	custom	TRUE	TRUE	FALSE	-100	999007	-1	0	0	0	31	86	TRUE	999007	0.0524357985742011	0.513901445993062	2623	1008	0.0158592654812413	14325000	29
20220530 041234	binary	custom	TRUE	TRUE	FALSE	-100	999007	-1	0	0	0	31	28	TRUE	999007	0.0333899549336668	0.614120716443169	23	1023	0.00914329137561105	7477000	30
20220530 041258	binary	custom	TRUE	TRUE	FALSE	-100	999007	-1	0	0	0	31	90	TRUE	999007	0.0554089228703079	0.406717145862762	3279	994	0.0157454506153968	14113000	31
20220530 041316	binary	custom	TRUE	TRUE	FALSE	-100	999007	-1	0	0	0	31	48	TRUE	999007	0.0546938013578699	0.708947624114831	1557	819	0.0160885651968088	13838000	32
20220530 041325	binary	custom	TRUE	TRUE	FALSE	-100	999007	-1	0	0	0	31	42	TRUE	999007	0.199260598239529	0.976867027555977	7994	333	0.0109026529990355	12830000	33
20220530 041333	binary	custom	TRUE	TRUE	FALSE	-100	999007	-1	0	0	0	31	20	TRUE	999007	0.185433293454965	0.863919321644899	6877	1024	0.0130455228867511	13283000	34
20220530 041405	binary	custom	TRUE	TRUE	FALSE	-100	999007	-1	0	0	0	31	146	TRUE	999007	0.0340343764252487	0.480271580560318	5575	17	0.0181497254471217	13483000	35
20220530 041429	binary	custom	TRUE	TRUE	FALSE	-100	999007	-1	0	0	0	31	118	TRUE	999007	0.0484645111848624	0.582221774127585	7906	456	0.0159806275673226	13555000	36
20220530 041458	binary	custom	TRUE	TRUE	FALSE	-100	999007	-1	0	0	0	31	178	TRUE	999007	0.044572264095862	0.200294965756313	2680	234	0.0218258271681225	12879000	37
20220530 041505	binary	custom	TRUE	TRUE	FALSE	-100	999007	-1	0	0	0	31	21	TRUE	999007	0.299858411194271	0.690545714098527	7036	842	0.0107956585431435	12344000	38
20220530 041525	binary	custom	TRUE	TRUE	FALSE	-100	999007	-1	0	0	0	31	44	TRUE	999007	0.0740637978344024	0.68935820986101	3308	1024	0.015733410001244	13681000	39
20220530 041549	binary	custom	TRUE	TRUE	FALSE	-100	999007	-1	0	0	0	31	54	TRUE	999007	0.0479788353388147	0.495436971608293	2253	934	0.0166574750370188	13754000	40
20220530 041625	binary	custom	TRUE	TRUE	FALSE	-100	999007	-1	0	0	0	31	155	TRUE	999007	0.0323866766095382	0.413237813665895	2514	710	0.0156706231499093	13962000	41
20220530 041645	binary	custom	TRUE	TRUE	FALSE	-100	999007	-1	0	0	0	31	70	TRUE	999007	0.0520043963773181	0.580707491528521	5183	426	0.0161976812700724	13508000	42
20220530 041704	binary	custom	TRUE	TRUE	FALSE	-100	999007	-1	0	0	0	31	90	TRUE	999007	0.0714764145912453	0.393802482239757	7603	1018	0.0161156337496081	13541000	43
20220530 041718	binary	custom	TRUE	TRUE	FALSE	-100	999007	-1	0	0	0	31	80	TRUE	999007	0.157595346196957	0.284188359668347	7981	647	0.0135326363428122	13292000	44
20220530 041731	binary	custom	TRUE	TRUE	FALSE	-100	999007	-1	0	0	0	31	53	TRUE	999007	0.162427123119213	0.317751370669079	7999	16	0.0161737589976369	13896000	45
20220530 041742	binary	custom	TRUE	TRUE	FALSE	-100	999007	-1	0	0	0	31	30	TRUE	999007	0.212661109718387	0.429285881361367	7999	292	0.0176442544844333	12761000	46
20220530 041758	binary	custom	TRUE	TRUE	FALSE	-100	999007	-1	0	0	0	31	82	TRUE	999007	0.0816292091415486	0.200026707571975	7261	18	0.0160132182991539	13443000	47
20220530 041807	binary	custom	TRUE	TRUE	FALSE	-100	999007	-1	0	0	0	31	37	TRUE	999007	0.137322601649238	0.985914746655249	7996	25	0.0159071338788494	13614000	48
20220530 041827	binary	custom	TRUE	TRUE	FALSE	-100	999007	-1	0	0	0	31	67	TRUE	999007	0.0577737615892168	0.534070804481391	2006	17	0.0159928453374722	13825000	49
20220530 041931	binary	custom	TRUE	TRUE	FALSE	-100	999007	-1	0	0	0	31	293	TRUE	999007	0.0101568268647192	0.974933949387435	2824	32	0.0184834610821478	13183000	50
20220530 041942	binary	custom	TRUE	TRUE	FALSE	-100	999007	-1	0	0	0	31	22	TRUE	999007	0.168049962751633	0.555700709801884	7994	17	0.0141308091099961	13276000	51
20220530 042000	binary	custom	TRUE	TRUE	FALSE	-100	999007	-1	0	0	0	31	82	TRUE	999007	0.0858286742091703	0.41918558696404	7791	16	0.0224889263094404	12361000	52
20220530 042024	binary	custom	TRUE	TRUE	FALSE	-100	999007	-1	0	0	0	31	81	TRUE	999007	0.0551711860498563	0.370415133674073	1891	1024	0.0157311322120306	13920000	53
20220530 042037	binary	custom	TRUE	TRUE	FALSE	-100	999007	-1	0	0	0	31	36	TRUE	999007	0.142584772406691	0.405165857609594	2818	18	0.016035844678398	13722000	54
20220530 042048	binary	custom	TRUE	TRUE	FALSE	-100	999007	-1	0	0	0	31	26	TRUE	999007	0.202387550907474	0.447556464961921	4319	17	0.0101054034812464	12515000	55
20220530 042104	binary	custom	TRUE	TRUE	FALSE	-100	999007	-1	0	0	0	31	80	TRUE	999007	0.0869544647792181	0.256149181936281	3966	19	0.0193487904032402	12938000	56
20220530 042117	binary	custom	TRUE	TRUE	FALSE	-100	999007	-1	0	0	0	31	40	TRUE	999007	0.160590865610071	0.48845130454789	7073	751	0.015855905113598	13809000	57
20220530 042139	binary	custom	TRUE	TRUE	FALSE	-100	999007	-1	0	0	0	31	130	TRUE	999007	0.0513959014453767	0.210811967920627	5715	795	0.0235208269244783	12325000	58
20220530 042153	binary	custom	TRUE	TRUE	FALSE	-100	999007	-1	0	0	0	31	35	TRUE	999007	0.0739354954186264	0.970799169474906	2630	129	0.0159384851006453	13722000	59
20220530 042205	binary	custom	TRUE	TRUE	FALSE	-100	999007	-1	0	0	0	31	48	TRUE	999007	0.191151137394869	0.276090137528803	5037	1020	0.0119982252029665	13511000	60
20220530 042217	binary	custom	TRUE	TRUE	FALSE	-100	999007	-1	0	0	0	31	65	TRUE	999007	0.183832237794461	0.20442954013065	6641	878	0.00898987358143413	12048000	61
20220530 042226	binary	custom	TRUE	TRUE	FALSE	-100	999007	-1	0	0	0	31	32	TRUE	999007	0.202003273434324	0.999196027870613	4733	762	0.0118174236287903	12934000	62
20220530 042236	binary	custom	TRUE	TRUE	FALSE	-100	999007	-1	0	0	0	31	22	TRUE	999007	0.190792317481116	0.202787019105869	5803	1024	0.0146374215567485	13597000	63
20220530 042250	binary	custom	TRUE	TRUE	FALSE	-100	999007	-1	0	0	0	31	29	TRUE	999007	0.141877798695454	0.454483475843457	2656	996	0.014057232604963	13529000	64
20220530 042426	binary	custom	TRUE	TRUE	FALSE	-100	999007	-1	0	0	0	31	134	TRUE	999007	0.0101439515033903	0.997604249304332	81	249	0.016114698953851	8902000	65
20220530 042448	binary	custom	TRUE	TRUE	FALSE	-100	999007	-1	0	0	0	31	54	TRUE	999007	0.0557202150744542	0.562858963892743	2705	818	0.0155153468441337	13764000	66
20220530 042505	binary	custom	TRUE	TRUE	FALSE	-100	999007	-1	0	0	0	31	131	TRUE	999007	0.0492898939251134	0.996637293884348	7987	710	0.0154376863502157	13385000	67
20220530 042547	binary	custom	TRUE	TRUE	FALSE	-100	999007	-1	0	0	0	31	184	TRUE	999007	0.0202412018117934	0.999208812060471	1873	682	0.0156978446120501	13186000	68
20220530 042726	binary	custom	TRUE	TRUE	FALSE	-100	999007	-1	0	0	0	31	482	TRUE	999007	0.0100166162751874	0.431189493495504	2844	143	0.0157057703193373	14022000	69
20220530 042827	binary	custom	TRUE	TRUE	FALSE	-100	999007	-1	0	0	0	31	598	TRUE	999007	0.0109397321092103	0.999424891068472	7556	16	0.0097457118738055	12801000	70
20220530 042837	binary	custom	TRUE	TRUE	FALSE	-100	999007	-1	0	0	0	31	9	TRUE	999007	0.299266230040361	0.903228880541821	1564	1023	0.015954857193254	11823000	71
20220530 042852	binary	custom	TRUE	TRUE	FALSE	-100	999007	-1	0	0	0	31	33	TRUE	999007	0.137245147247275	0.998459837604088	5971	16	0.0158320913904639	13375000	72
20220530 042909	binary	custom	TRUE	TRUE	FALSE	-100	999007	-1	0	0	0	31	45	TRUE	999007	0.0580194987627404	0.723391914608853	1840	332	0.0161554407184286	13524000	73
20220530 043014	binary	custom	TRUE	TRUE	FALSE	-100	999007	-1	0	0	0	31	493	TRUE	999007	0.017754159131297	0.252933125686847	4510	1016	0.0160451894517976	14063000	74
20220530 043039	binary	custom	TRUE	TRUE	FALSE	-100	999007	-1	0	0	0	31	134	TRUE	999007	0.0228296777639172	0.646830120474457	3103	16	0.0161799687543705	13877000	75
20220530 043202	binary	custom	TRUE	TRUE	FALSE	-100	999007	-1	0	0	0	31	830	TRUE	999007	0.0107150199509162	0.999580197012116	4997	127	0.0213919408838052	12817000	76
20220530 043212	binary	custom	TRUE	TRUE	FALSE	-100	999007	-1	0	0	0	31	23	TRUE	999007	0.0996443988931499	0.814397420755272	2650	18	0.0121819478963192	13145000	77
20220530 043311	binary	custom	TRUE	TRUE	FALSE	-100	999007	-1	0	0	0	31	549	TRUE	999007	0.0105854399528814	0.877633537087979	7997	18	0.016101101819187	13438000	78
20220530 043321	binary	custom	TRUE	TRUE	FALSE	-100	999007	-1	0	0	0	31	23	TRUE	999007	0.165361623737078	0.340023828290614	6306	620	0.016224955564818	13264000	79
20220530 043331	binary	custom	TRUE	TRUE	FALSE	-100	999007	-1	0	0	0	31	24	TRUE	999007	0.245497972761481	0.384505750361984	7992	1024	0.0163301905820775	13587000	80
20220530 043339	binary	custom	TRUE	TRUE	FALSE	-100	999007	-1	0	0	0	31	23	TRUE	999007	0.208369118378698	0.999741310617132	7934	759	0.0162490035055437	13369000	81
20220530 043346	binary	custom	TRUE	TRUE	FALSE	-100	999007	-1	0	0	0	31	19	TRUE	999007	0.207454327718552	0.988950723255964	1674	16	0.0159330048098747	13169000	82
20220530 043415	binary	custom	TRUE	TRUE	FALSE	-100	999007	-1	0	0	0	31	87	TRUE	999007	0.0557298686539174	0.482945157260271	2749	115	0.0168249518733383	13854000	83
20220530 043423	binary	custom	TRUE	TRUE	FALSE	-100	999007	-1	0	0	0	31	24	TRUE	999007	0.240045487414789	0.9967754559419	7994	1024	0.0269790873610054	11653000	84
20220530 043528	binary	custom	TRUE	TRUE	FALSE	-100	999007	-1	0	0	0	31	311	TRUE	999007	0.0102298550166315	0.742071534087854	2454	1021	0.0158632408379087	13799000	85
20220530 043545	binary	custom	TRUE	TRUE	FALSE	-100	999007	-1	0	0	0	31	44	TRUE	999007	0.0809326678323032	0.807169139287166	1467	1023	0.0214778903710818	12541000	86
20220530 043613	binary	custom	TRUE	TRUE	FALSE	-100	999007	-1	0	0	0	31	193	TRUE	999007	0.0225299653504951	0.998733193364703	4487	16	0.015578649876204	13626000	87
20220530 043623	binary	custom	TRUE	TRUE	FALSE	-100	999007	-1	0	0	0	31	37	TRUE	999007	0.299465966673228	0.203599849004084	1929	16	0.015623537209548	12179000	88
20220530 043748	binary	custom	TRUE	TRUE	FALSE	-100	999007	-1	0	0	0	31	485	TRUE	999007	0.0111306022465799	0.379424184879053	4316	520	0.01602127446801	13632000	89
20220530 043824	binary	custom	TRUE	TRUE	FALSE	-100	999007	-1	0	0	0	31	234	TRUE	999007	0.023112399665042	0.211191044438298	3141	16	0.0154535401824159	13801000	90
20220530 043837	binary	custom	TRUE	TRUE	FALSE	-100	999007	-1	0	0	0	31	61	TRUE	999007	0.17255728397871	0.231644214368147	5323	16	0.0160334197052309	13443000	91
20220530 043921	binary	custom	TRUE	TRUE	FALSE	-100	999007	-1	0	0	0	31	432	TRUE	999007	0.0560190237644354	0.297548063293867	7999	17	0.00833390302516398	12095000	92
20220530 043937	binary	custom	TRUE	TRUE	FALSE	-100	999007	-1	0	0	0	31	27	TRUE	999007	0.137369380093395	0.291740098843839	7995	758	0.016660272194953	13132000	93
20220530 043948	binary	custom	TRUE	TRUE	FALSE	-100	999007	-1	0	0	0	31	50	TRUE	999007	0.0943680462536748	0.999960966731813	7362	462	0.0156634077980295	13160000	94
20220530 044016	binary	custom	TRUE	TRUE	FALSE	-100	999007	-1	0	0	0	31	310	TRUE	999007	0.117345775907447	0.999864022283739	4642	141	0.00833715823922804	12602000	95
20220530 044024	binary	custom	TRUE	TRUE	FALSE	-100	999007	-1	0	0	0	31	17	TRUE	999007	0.248084469011791	0.999714000170784	6690	737	0.0223611400786031	13066000	96
20220530 044031	binary	custom	TRUE	TRUE	FALSE	-100	999007	-1	0	0	0	31	22	TRUE	999007	0.294114822279476	0.963426759102215	1879	16	0.0221852472899439	11652000	97
20220530 044043	binary	custom	TRUE	TRUE	FALSE	-100	999007	-1	0	0	0	31	31	TRUE	999007	0.200086024363857	0.467861508956305	8000	1023	0.0144738791008684	13343000	98
20220530 044054	binary	custom	TRUE	TRUE	FALSE	-100	999007	-1	0	0	0	31	24	TRUE	999007	0.174675123656994	0.508388943515346	5950	1023	0.0160397862572019	13606000	99
20220530 044113	binary	custom	TRUE	TRUE	FALSE	-100	999007	-1	0	0	0	31	91	TRUE	999007	0.042418986711535	0.690184951395751	4907	706	0.015983808849634	13582000	100
20220530 044137	binary	custom	TRUE	TRUE	FALSE	-100	999007	-1	0	0	0	31	88	TRUE	999007	0.0464139428238602	0.43983331988901	4081	65	0.0159935053535769	14040000	101
20220530 044147	binary	custom	TRUE	TRUE	FALSE	-100	999007	-1	0	0	0	31	21	TRUE	999007	0.270065193447408	0.460101548601128	7984	109	0.0157324861079901	13577000	102
20220530 044207	binary	custom	TRUE	TRUE	FALSE	-100	999007	-1	0	0	0	31	131	TRUE	999007	0.0358014125354283	0.997444730922451	7754	986	0.0220498575474788	12059000	103
20220530 044413	binary	custom	TRUE	TRUE	FALSE	-100	999007	-1	0	0	0	31	550	TRUE	999007	0.0101473067458896	0.549671149692548	1475	626	0.0237739995751169	12084000	104
20220530 044422	binary	custom	TRUE	TRUE	FALSE	-100	999007	-1	0	0	0	31	19	TRUE	999007	0.299875972168535	0.368451974486403	6824	1023	0.0213975630036784	13036000	105
20220530 044432	binary	custom	TRUE	TRUE	FALSE	-100	999007	-1	0	0	0	31	22	TRUE	999007	0.299553350252711	0.201744177365132	7042	1024	0.0157874002629608	13213000	106
20220530 044450	binary	custom	TRUE	TRUE	FALSE	-100	999007	-1	0	0	0	31	74	TRUE	999007	0.0828847060836051	0.373207148268668	4946	1023	0.0134315438459468	14403000	107
20220530 044511	binary	custom	TRUE	TRUE	FALSE	-100	999007	-1	0	0	0	31	85	TRUE	999007	0.0693571230021414	0.425074753262341	4893	1024	0.0153373956433769	14105000	108
20220530 044529	binary	custom	TRUE	TRUE	FALSE	-100	999007	-1	0	0	0	31	81	TRUE	999007	0.0818041347555565	0.303634837115315	4857	1024	0.0135994545850595	14371000	109
20220530 044552	binary	custom	TRUE	TRUE	FALSE	-100	999007	-1	0	0	0	31	109	TRUE	999007	0.080746406458123	0.311792571782531	5139	1024	0.0131914397151903	13821000	110
20220530 044606	binary	custom	TRUE	TRUE	FALSE	-100	999007	-1	0	0	0	31	63	TRUE	999007	0.109018698023436	0.601997315928378	4863	1017	0.0136640219789813	13454000	111
20220530 044626	binary	custom	TRUE	TRUE	FALSE	-100	999007	-1	0	0	0	31	66	TRUE	999007	0.0597704152115337	0.381310785204638	4516	101	0.0136074621188954	13771000	112
20220530 044637	binary	custom	TRUE	TRUE	FALSE	-100	999007	-1	0	0	0	31	23	TRUE	999007	0.190885677728304	0.35903617090625	4763	998	0.0136524600742449	13508000	113
20220530 044654	binary	custom	TRUE	TRUE	FALSE	-100	999007	-1	0	0	0	31	60	TRUE	999007	0.0855558815648572	0.387212433001783	4229	1024	0.0137844347695392	14129000	114
20220530 044725	binary	custom	TRUE	TRUE	FALSE	-100	999007	-1	0	0	0	31	178	TRUE	999007	0.035160273966929	0.201054209057705	2871	1024	0.0123835970927121	13843000	115
20220530 044850	binary	custom	TRUE	TRUE	FALSE	-100	999007	-1	0	0	0	31	474	TRUE	999007	0.0131156965056092	0.495733064893053	4649	726	0.012191788025279	13866000	116
20220530 044924	binary	custom	TRUE	TRUE	FALSE	-100	999007	-1	0	0	0	31	262	TRUE	999007	0.0313747530450639	0.206120800134212	1584	16	0.0150758357827864	13747000	117
20220530 045004	binary	custom	TRUE	TRUE	FALSE	-100	999007	-1	0	0	0	31	196	TRUE	999007	0.0279220511995636	0.511995645456629	3547	16	0.014726655377964	14302000	118
20220530 045021	binary	custom	TRUE	TRUE	FALSE	-100	999007	-1	0	0	0	31	45	TRUE	999007	0.0957904692795675	0.999560748844614	3580	46	0.0156795048062635	13951000	119
20220530 045047	binary	custom	TRUE	TRUE	FALSE	-100	999007	-1	0	0	0	31	93	TRUE	999007	0.0416316042792731	0.417465443977821	2557	23	0.014471726537446	14085000	120
