fecha	gamma	alpha	lambda	subsample	tree_method	grow_policy	max_bin	max_depth	scale_pos_weight	eta	colsample_bytree	min_child_weight	max_leaves	prob_corte	nrounds	ganancia	iteracion
20220530 041154	0	0	0	1	hist	lossguide	256	0	1	0.133252846356481	0.604732167758048	9	573	0.0214415984538694	12	11872000	1
20220530 041231	0	0	0	1	hist	lossguide	256	0	1	0.155989452315494	0.36879598306492	2	473	0.023399623001266	10	8341000	2
20220530 041317	0	0	0	1	hist	lossguide	256	0	1	0.142892998591648	0.707061870228499	6	931	0.0194562593057829	10	10875000	3
20220530 041350	0	0	0	1	hist	lossguide	256	0	1	0.289901248600101	0.537083754260093	3	778	0.0306601694751104	1	9070000	4
20220530 041751	0	0	0	1	hist	lossguide	256	0	1	0.0111808389284415	0.863684513829649	6	454	0.0417504903811884	298	7391000	5
20220530 041831	0	0	0	1	hist	lossguide	256	0	1	0.102519804898766	0.782721409350634	9	282	0.0381997365155257	38	8745000	6
20220530 041900	0	0	0	1	hist	lossguide	256	0	1	0.177161160681164	0.733914896845818	6	384	0.0252544494806595	10	9866000	7
20220530 041920	0	0	0	1	hist	lossguide	256	0	1	0.209155004838016	0.300110705792904	0	554	0.0469363566056321	2	901000	8
20220530 041950	0	0	0	1	hist	lossguide	256	0	1	0.244442011243664	0.942575174225494	3	917	0.00958937016063525	3	10532000	9
20220530 042014	0	0	0	1	hist	lossguide	256	0	1	0.284171109782299	0.505846592998132	8	309	0.0170431169390213	10	11745000	10
20220530 042040	0	0	0	1	hist	lossguide	256	0	1	0.262784907866619	0.404282685974613	4	85	0.0357370090627228	5	7872000	11
20220530 042137	0	0	0	1	hist	lossguide	256	0	1	0.0652077384003205	0.474871549513191	4	654	0.0282050035103263	43	9307000	12
20220530 042209	0	0	0	1	hist	lossguide	256	0	1	0.218699374161428	0.325339839002117	3	736	0.0113455532938436	16	10373000	13
20220530 042303	0	0	0	1	hist	lossguide	256	0	1	0.0924437811441021	0.988420487521216	2	214	0.0398783609411718	26	5454000	14
20220530 042330	0	0	0	1	hist	lossguide	256	0	1	0.125814790197765	0.885120607027784	7	8	0.0141133202346585	54	13339000	15
20220530 042455	0	0	0	1	hist	lossguide	256	0	1	0.030668930561631	0.561043857485056	10	833	0.0439989405514401	118	8142000	16
20220530 042524	0	0	0	1	hist	lossguide	256	0	1	0.18796023171558	0.205795677648857	10	131	0.0480687210258717	31	6269000	17
20220530 042642	0	0	0	1	hist	lossguide	256	0	1	0.0499621218962129	0.820329433409497	1	979	0.0149117798685135	14	9843000	18
20220530 042726	0	0	0	1	hist	lossguide	256	0	1	0.0781510498208226	0.253374532656744	0	166	0.0314004018068469	7	983000	19
20220530 042753	0	0	0	1	hist	lossguide	256	0	1	0.231835056527867	0.672048588152975	8	676	0.0351201531967187	14	8860000	20
20220530 042910	0	0	0	1	hist	lossguide	256	0	1	0.0739220900112135	0.918932406635621	8	25	0.00834324335733598	184	12776000	21
20220530 042953	0	0	0	1	hist	lossguide	256	0	1	0.0435165505631166	0.487614910525633	7	3	0.0131925298319289	143	13047000	22
20220530 043351	0	0	0	1	hist	lossguide	256	0	1	0.0101142929013123	0.98732874228121	7	119	0.0140016229244192	279	13302000	23
20220530 043732	0	0	0	1	hist	lossguide	256	0	1	0.0163255132518445	0.873523335756959	8	2	0.016779791624592	1698	13212000	24
20220530 043838	0	0	0	1	hist	lossguide	256	0	1	0.044277472628003	0.806132366085798	8	449	0.0139682591128351	67	13343000	25
20220530 043931	0	0	0	1	hist	lossguide	256	0	1	0.0698402022039314	0.794058295843757	8	162	0.0141641049481564	38	12813000	26
20220530 044305	0	0	0	1	hist	lossguide	256	0	1	0.0100113256426422	0.941211512439223	8	773	0.0140291936318768	222	13389000	27
20220530 044648	0	0	0	1	hist	lossguide	256	0	1	0.0100615959904085	0.998475468812697	8	568	0.0134264135717343	255	13789000	28
20220530 045108	0	0	0	1	hist	lossguide	256	0	1	0.0100104758991401	0.999446266697288	9	547	0.0138831246636596	427	13578000	29
20220530 045513	0	0	0	1	hist	lossguide	256	0	1	0.0102614539340491	0.998921697478491	7	572	0.010329224839537	289	13376000	30
20220530 045906	0	0	0	1	hist	lossguide	256	0	1	0.0100245381221037	0.598224751670216	8	613	0.0101335520240944	331	13470000	31
20220530 050301	0	0	0	1	hist	lossguide	256	0	1	0.010100673334948	0.203073103049437	8	605	0.0134446637798252	367	13448000	32
20220530 050730	0	0	0	1	hist	lossguide	256	0	1	0.0100446795606818	0.200951171273432	10	614	0.00977521217817537	555	13561000	33
20220530 051145	0	0	0	1	hist	lossguide	256	0	1	0.0100361272328794	0.379459858898319	9	567	0.0127483770376245	477	13833000	34
20220530 051533	0	0	0	1	hist	lossguide	256	0	1	0.0100029829945462	0.410526757820798	10	590	0.0136035701318151	386	13663000	35
20220530 051919	0	0	0	1	hist	lossguide	256	0	1	0.0105785474017866	0.255015742165445	10	1024	0.0124261699203186	389	13768000	36
20220530 052301	0	0	0	1	hist	lossguide	256	0	1	0.0100965864271445	0.355456016552117	9	718	0.0125256687751155	345	13740000	37
20220530 052531	0	0	0	1	hist	lossguide	256	0	1	0.0101880080646319	0.385148074095334	10	1015	0.00836606977612534	59	12979000	38
20220530 052908	0	0	0	1	hist	lossguide	256	0	1	0.0100585083800241	0.200364888165987	10	944	0.0157222470995074	346	13384000	39
20220530 052938	0	0	0	1	hist	lossguide	256	0	1	0.292264427660766	0.997094584079758	7	2	0.0126608552626314	120	13111000	40
20220530 053140	0	0	0	1	hist	lossguide	256	0	1	0.0262730726627119	0.994729228014263	4	2	0.0121278481243107	861	12982000	41
20220530 053211	0	0	0	1	hist	lossguide	256	0	1	0.13527230613218	0.200101613519101	10	1024	0.0124253730258608	25	12693000	42
20220530 053240	0	0	0	1	hist	lossguide	256	0	1	0.291398452029721	0.987281885037636	4	2	0.0147464766956082	157	13207000	43
20220530 053643	0	0	0	1	hist	lossguide	256	0	1	0.0101474130799577	0.236689434878857	9	1023	0.012717284167855	438	13666000	44
20220530 054053	0	0	0	1	hist	lossguide	256	0	1	0.0100626399038631	0.302841024823046	9	601	0.0125051080273029	465	13579000	45
20220530 054124	0	0	0	1	hist	lossguide	256	0	1	0.299452097392838	0.376659343642704	10	2	0.0123889170257796	128	12727000	46
20220530 054448	0	0	0	1	hist	lossguide	256	0	1	0.0101486576505671	0.478434945135379	8	550	0.0127079925181369	231	13929000	47
20220530 054521	0	0	0	1	hist	lossguide	256	0	1	0.110591140632363	0.999836457090153	8	2	0.0139569999816726	167	13169000	48
20220530 054544	0	0	0	1	hist	lossguide	256	0	1	0.258434435860877	0.519346995680293	5	2	0.00852155792770076	103	11623000	49
20220530 054944	0	0	0	1	hist	lossguide	256	0	1	0.0100971071952687	0.902027447050062	8	526	0.0126916053252277	326	13879000	50
20220530 055325	0	0	0	1	hist	lossguide	256	0	1	0.0101813891209129	0.96298795234594	5	549	0.0142034849150871	130	12898000	51
20220530 055754	0	0	0	1	hist	lossguide	256	0	1	0.0100941584622029	0.406898720152006	10	498	0.0114211101291787	510	13726000	52
20220530 060309	0	0	0	1	hist	lossguide	256	0	1	0.010099384973417	0.393899971443832	10	2	0.0110147955261334	2385	12572000	53
20220530 060700	0	0	0	1	hist	lossguide	256	0	1	0.0100065168410215	0.442138122776162	10	1024	0.0217357104185448	376	12224000	54
20220530 061003	0	0	0	1	hist	lossguide	256	0	1	0.0100568550263028	0.509688792307947	9	536	0.012411554742823	132	13653000	55
20220530 061249	0	0	0	1	hist	lossguide	256	0	1	0.0118306600690034	0.403305768473004	8	619	0.0121378783867939	138	13786000	56
20220530 061608	0	0	0	1	hist	lossguide	256	0	1	0.010156280532026	0.608794003471585	8	507	0.0132578112192689	192	13937000	57
20220530 061920	0	0	0	1	hist	lossguide	256	0	1	0.0100834474028575	0.67216809899017	8	532	0.0130751879536312	157	13444000	58
20220530 062240	0	0	0	1	hist	lossguide	256	0	1	0.0101823889615443	0.41439559802988	8	485	0.0131372668736185	183	13518000	59
20220530 062553	0	0	0	1	hist	lossguide	256	0	1	0.010115767925062	0.584009049619373	7	543	0.0128219072734893	134	13912000	60
20220530 062619	0	0	0	1	hist	lossguide	256	0	1	0.296343259621197	0.999951597426815	0	9	0.0105377100453711	70	12170000	61
20220530 062812	0	0	0	1	hist	lossguide	256	0	1	0.0203938014647219	0.949894940303396	8	461	0.0133065946679645	94	13527000	62
20220530 063012	0	0	0	1	hist	lossguide	256	0	1	0.021990870482479	0.237328140029684	10	730	0.0119374116055245	197	14043000	63
20220530 063043	0	0	0	1	hist	lossguide	256	0	1	0.292781240152888	0.999075839933941	8	589	0.0146318104486827	6	11120000	64
20220530 063135	0	0	0	1	hist	lossguide	256	0	1	0.0743931854365332	0.371017946843372	10	548	0.0118820460726189	75	13250000	65
20220530 063538	0	0	0	1	hist	lossguide	256	0	1	0.0101713717205006	0.999939241754594	8	1024	0.0212659050521027	312	12014000	66
20220530 063616	0	0	0	1	hist	lossguide	256	0	1	0.272791260356605	0.586575460373703	10	2	0.0198560830759199	232	13142000	67
20220530 063802	0	0	0	1	hist	lossguide	256	0	1	0.0176686779770152	0.611001912434772	8	19	0.0122693672336886	165	13647000	68
20220530 063823	0	0	0	1	hist	lossguide	256	0	1	0.299882208469062	0.830168755441126	4	2	0.0127868104975072	73	12766000	69
20220530 063912	0	0	0	1	hist	lossguide	256	0	1	0.299587405269425	0.460232736662802	10	2	0.0250659983075021	337	12412000	70
20220530 063939	0	0	0	1	hist	lossguide	256	0	1	0.267538624402379	0.602869497929106	7	2	0.0172347274749965	131	13099000	71
20220530 064004	0	0	0	1	hist	lossguide	256	0	1	0.299956167891543	0.200180192104255	10	592	0.0200127085902464	14	10715000	72
20220530 064031	0	0	0	1	hist	lossguide	256	0	1	0.216808079606131	0.603711381321598	10	2	0.012744846949972	128	13041000	73
20220530 064423	0	0	0	1	hist	lossguide	256	0	1	0.0104773807201109	0.847863361544465	10	563	0.0127458456818169	344	13690000	74
20220530 064823	0	0	0	1	hist	lossguide	256	0	1	0.010336548493919	0.230445526392695	10	808	0.011946081945876	443	13662000	75
20220530 064946	0	0	0	1	hist	lossguide	256	0	1	0.0314473326283259	0.238190086575919	10	681	0.0121785622327417	115	13648000	76
20220530 065147	0	0	0	1	hist	lossguide	256	0	1	0.0222810620888341	0.249416738295542	8	744	0.0115254334288541	183	13820000	77
20220530 065211	0	0	0	1	hist	lossguide	256	0	1	0.29992573259243	0.985583801185771	10	2	0.0498836601350285	49	6782000	78
20220530 065523	0	0	0	1	hist	lossguide	256	0	1	0.0102389142644554	0.595304282699525	10	312	0.011957916668704	208	14005000	79
20220530 065852	0	0	0	1	hist	lossguide	256	0	1	0.0100894617595713	0.880950738623337	8	566	0.0161623731920687	199	12890000	80
20220530 070227	0	0	0	1	hist	lossguide	256	0	1	0.0104959664805619	0.601655572233954	8	378	0.0114948182858989	265	13874000	81
20220530 070336	0	0	0	1	hist	lossguide	256	0	1	0.040207721056601	0.999334435064397	10	1021	0.0119299917272904	43	13496000	82
20220530 070705	0	0	0	1	hist	lossguide	256	0	1	0.0101036119906424	0.897358498788313	10	42	0.0125849797906865	261	13859000	83
20220530 071044	0	0	0	1	hist	lossguide	256	0	1	0.0100660741079613	0.867813105347474	10	310	0.0119041277339586	307	14010000	84
20220530 071540	0	0	0	1	hist	lossguide	256	0	1	0.0107558524466881	0.597050613221806	10	2	0.0144126026377771	2166	13465000	85
20220530 071832	0	0	0	1	hist	lossguide	256	0	1	0.0120812109078479	0.999697927560837	10	732	0.0123094412400575	161	13847000	86
20220530 072241	0	0	0	1	hist	lossguide	256	0	1	0.0108101418003366	0.873933105440435	8	2	0.0123045517029042	1733	13106000	87
20220530 072407	0	0	0	1	hist	lossguide	256	0	1	0.0294462945091883	0.901754750093599	10	304	0.0124858497807564	94	13719000	88
20220530 072641	0	0	0	1	hist	lossguide	256	0	1	0.0137654788719526	0.610212192087887	10	74	0.0132581645828199	199	13840000	89
20220530 072710	0	0	0	1	hist	lossguide	256	0	1	0.299969821842185	0.906707116242418	10	32	0.0175091701248123	6	11279000	90
20220530 072821	0	0	0	1	hist	lossguide	256	0	1	0.0448394308697345	0.595586400127213	8	545	0.0125070576193219	95	13644000	91
20220530 073015	0	0	0	1	hist	lossguide	256	0	1	0.0183341603073304	0.605962899740471	7	28	0.020341138323553	170	12462000	92
20220530 073436	0	0	0	1	hist	lossguide	256	0	1	0.0103097499333135	0.613803099205496	10	272	0.00835395325182176	532	12903000	93
20220530 073508	0	0	0	1	hist	lossguide	256	0	1	0.152334009286234	0.385004548454715	10	4	0.0113147518485441	125	13264000	94
20220530 073537	0	0	0	1	hist	lossguide	256	0	1	0.188474410905038	0.992206951526497	5	2	0.0109024567666839	138	12775000	95
20220530 073614	0	0	0	1	hist	lossguide	256	0	1	0.120185317892999	0.999634333718087	8	741	0.00985410711936283	27	12528000	96
20220530 073644	0	0	0	1	hist	lossguide	256	0	1	0.130735199047895	0.596744720713212	8	11	0.0116886428365414	55	13584000	97
20220530 073944	0	0	0	1	hist	lossguide	256	0	1	0.0118074300563613	0.999459529603157	10	898	0.012009249286271	214	13619000	98
20220530 074022	0	0	0	1	hist	lossguide	256	0	1	0.116259938025431	0.383351447511767	8	1024	0.0116027031050551	16	12702000	99
20220530 074235	0	0	0	1	hist	lossguide	256	0	1	0.0168916050923155	0.813926227200207	10	341	0.0115495447758795	170	13748000	100
20220530 074302	0	0	0	1	hist	lossguide	256	0	1	0.160942652389115	0.470146745166357	10	31	0.0184294793647096	14	12707000	101
20220530 074600	0	0	0	1	hist	lossguide	256	0	1	0.0111391162813528	0.601217536984361	8	312	0.013156569191496	166	13701000	102
20220530 074624	0	0	0	1	hist	lossguide	256	0	1	0.299746652998098	0.461688983150925	10	1024	0.023594563790224	12	10646000	103
20220530 075004	0	0	0	1	hist	lossguide	256	0	1	0.0100277598736391	0.869413329182921	10	423	0.0122335877090271	314	13957000	104
20220530 075256	0	0	0	1	hist	lossguide	256	0	1	0.0103539411894138	0.200067001830655	10	733	0.0116377976407458	138	13573000	105
20220530 075607	0	0	0	1	hist	lossguide	256	0	1	0.010552008985749	0.256566135248621	10	748	0.0135651617933524	259	13507000	106
20220530 075953	0	0	0	1	hist	lossguide	256	0	1	0.0104381555868998	0.237578921280558	10	564	0.0112656831759105	404	13638000	107
20220530 080057	0	0	0	1	hist	lossguide	256	0	1	0.0464266842519908	0.370894175879726	10	735	0.0105484315013817	88	13359000	108
20220530 080259	0	0	0	1	hist	lossguide	256	0	1	0.0215308706389754	0.368596106864431	10	606	0.012011492668895	186	13849000	109
20220530 080613	0	0	0	1	hist	lossguide	256	0	1	0.0104472330150785	0.599750455412222	10	1024	0.0123899065609101	251	14003000	110
20220530 080808	0	0	0	1	hist	lossguide	256	0	1	0.0237128695344843	0.233162100362064	10	964	0.012553805816646	206	14001000	111
20220530 080829	0	0	0	1	hist	lossguide	256	0	1	0.249807088362139	0.942581653392263	6	2	0.0132653721197082	76	13126000	112
20220530 081146	0	0	0	1	hist	lossguide	256	0	1	0.0121987241220442	0.470789014650988	10	973	0.0123925627143578	338	13776000	113
20220530 081229	0	0	0	1	hist	lossguide	256	0	1	0.0956557462280455	0.211551561885277	10	725	0.00838060775571834	38	11970000	114
20220530 081300	0	0	0	1	hist	lossguide	256	0	1	0.148650640354616	0.452159912748868	10	554	0.0124954264337727	21	14175000	115
20220530 081331	0	0	0	1	hist	lossguide	256	0	1	0.140634277357646	0.814999033032839	10	435	0.0118833683358786	19	12780000	116
20220530 081401	0	0	0	1	hist	lossguide	256	0	1	0.160884088536298	0.447417330280284	10	768	0.0133223061481765	22	13035000	117
20220530 081430	0	0	0	1	hist	lossguide	256	0	1	0.170573959616513	0.446077653324767	10	495	0.0127673534364958	18	12923000	118
20220530 081502	0	0	0	1	hist	lossguide	256	0	1	0.143926543647034	0.486818040975823	7	577	0.0126896109869327	14	12300000	119
20220530 081601	0	0	0	1	hist	lossguide	256	0	1	0.0481522680407943	0.749180651221377	10	42	0.0134415998015829	64	13486000	120
