fecha	cp	minsplit	minbucket	maxdepth	xval_folds	ganancia	iteracion
20220520 203854	-0.557106466246478	4284	1111	7	5	9534000	1
20220520 203906	0.0280677205722897	2693	1183	14	5	0	2
20220520 203923	-0.324309750591055	7844	1877	10	5	7903000	3
20220520 203943	-0.513552092724421	4621	808	12	5	9626000	4
20220520 204002	-0.694800662128546	3667	1316	19	5	9068000	5
20220520 204013	-0.410260908590863	6038	636	4	5	9038000	6
20220520 204028	-0.610225865374378	1656	172	6	5	10183000	7
20220520 204046	-0.0596057004368048	5041	1566	13	5	8982000	8
20220520 204104	-0.905843479586474	5853	1776	16	5	8338000	9
20220520 204121	-0.932495969354932	6579	254	8	5	8737000	10
20220520 204152	-0.772525976557517	3107	45	19	5	8659000	11
20220520 204213	-0.142769005676382	7386	580	16	5	8075000	12
20220520 204230	-0.0198089881334453	3680	506	7	5	9871000	13
20220520 204254	-0.579171054926701	6903	308	17	5	8467000	14
20220520 204312	-0.952541507483693	4274	1111	8	5	9534000	15
20220520 204341	-0.477141555957496	6161	32	15	5	8508000	16
20220520 204414	-0.829965120184577	3813	98	18	5	9425000	17
20220520 204426	-0.921774949950591	1368	1	4	5	8261000	18
20220520 204437	0.0955963030838765	1665	98	20	5	0	19
20220520 204451	-0.0679879286874982	5229	580	5	5	9348000	20
20220520 204510	-0.489640481012163	3775	64	7	5	9290000	21
20220520 204521	-0.502096941218022	1960	469	3	5	8825000	22
20220520 204536	-0.711236696764515	5246	976	5	5	9583000	23
20220520 204547	-0.671883372017506	4604	153	3	5	8790000	24
20220520 204605	-0.0871410687172511	5333	1448	9	5	8982000	25
20220520 204615	-0.0745107862606337	4103	233	3	5	8790000	26
20220520 204639	-0.999723129558179	4662	497	20	5	9402000	27
20220520 204657	-0.523557075172952	305	152	6	5	9553000	28
20220520 204715	-0.703044968186732	5176	1999	12	5	8550000	29
20220520 204732	-0.719176632288918	2051	1017	6	5	10070000	30
20220520 204751	-0.611614907675396	4433	1493	8	5	9164000	31
20220520 204807	-0.174943546934816	1608	526	6	5	10497000	32
20220520 204830	-0.661399806257909	1595	578	10	5	10457000	33
20220520 204851	-0.313220469348118	3493	503	9	5	9704000	34
20220520 204911	-0.605976108388831	1392	695	8	5	9509000	35
20220520 204936	-0.747172284611887	1146	212	11	5	9895000	36
20220520 205000	-0.813758471838617	3334	608	14	5	9727000	37
20220520 205010	-0.144050387718031	7452	1567	3	5	8039000	38
20220520 205032	-0.850599851678795	2400	950	20	5	10105000	39
20220520 205053	-0.747373154382713	3714	1013	12	5	9922000	40
20220520 205119	-0.656568311739684	1142	558	20	5	10118000	41
20220520 205130	-0.154505913506011	3219	397	3	5	8825000	42
20220520 205154	-0.379881496173704	1188	585	11	5	10262000	43
20220520 205214	-0.729646365907284	7951	855	20	5	7903000	44
20220520 205236	-0.998268008510796	1781	888	11	5	10012000	45
20220520 205301	-0.985777777964746	1093	545	11	5	9812000	46
20220520 205323	-0.63851503350081	1806	902	11	5	9855000	47
20220520 205338	-0.0443870837504274	1111	553	5	5	10346000	48
20220520 205404	-0.695574873697261	1061	530	14	5	9760000	49
20220520 205434	-0.999910937221364	2213	205	20	5	9571000	50
20220520 205457	-0.558318611184462	2479	580	11	5	10018000	51
20220520 205520	-0.997361157862212	1595	791	20	5	9761000	52
20220520 205539	-0.398102262628206	6191	1454	20	5	8504000	53
20220520 205550	-0.241436020387762	1149	572	3	5	8833000	54
20220520 205609	-0.103357188590408	946	473	7	5	10611000	55
20220520 205628	-0.700146111943526	718	350	7	5	10510000	56
20220520 205650	-0.999405869805155	2096	1043	18	5	9947000	57
20220520 205709	-0.772040458915351	1089	539	7	5	10078000	58
20220520 205731	-0.961315854422512	2949	1473	20	5	9050000	59
20220520 205751	-0.38129375475127	4678	1588	12	5	9102000	60
20220520 205810	-0.0529548806044434	4673	2000	10	5	8756000	61
20220520 205828	-0.103222157717842	7984	1646	11	5	7903000	62
20220520 205847	-0.0866748537347974	1086	536	7	5	10356000	63
20220520 205907	-0.23846564028273	3951	1975	20	5	9297000	64
20220520 205918	0.0994147887036546	914	457	6	5	0	65
20220520 205942	-0.175519357150695	1402	699	17	5	9538000	66
20220520 210003	-0.65287447120501	8	4	8	5	10220000	67
20220520 210028	-0.35882745685633	2293	1	10	5	9760000	68
20220520 210038	-0.838755365269351	3805	1165	3	5	8902000	69
20220520 210059	-0.182403917481259	9	1	8	5	8760000	70
20220520 210117	-0.184414209418063	2122	1058	6	5	9875000	71
20220520 210137	-0.115791278829549	1272	636	8	5	10012000	72
20220520 210201	-0.346956621102364	1467	730	19	5	9580000	73
20220520 210245	-0.560658930909452	38	1	20	5	8342000	74
20220520 210300	-0.652928232336381	793	395	5	5	9966000	75
20220520 210321	-0.0420174398270657	3122	365	9	5	9500000	76
20220520 210331	-0.36039462447851	1343	671	3	5	8974000	77
20220520 210405	-0.404178686468612	10	5	14	5	8581000	78
20220520 210430	-0.375158798013095	4652	454	14	5	9248000	79
20220520 210456	-0.875417950051109	1141	566	16	5	10112000	80
20220520 210517	-0.440994982289847	2268	1123	10	5	9763000	81
20220520 210542	-0.639202159783345	2106	249	11	5	10045000	82
20220520 210602	-0.532870485594239	4004	2000	13	5	8970000	83
20220520 210628	-0.283490125183163	1305	615	20	5	9922000	84
20220520 210649	-0.546266828896805	3809	1	8	5	8737000	85
20220520 210713	-0.852985790197213	1101	503	12	5	10061000	86
20220520 210723	-0.0265858126289522	7587	708	3	5	8167000	87
20220520 210741	-0.110808327794165	1153	448	6	5	10694000	88
20220520 210803	-0.556105078632887	2392	1191	20	5	9508000	89
20220520 210826	-0.917515973424285	1945	968	13	5	10324000	90
20220520 210846	-0.169124273665466	4420	1579	20	5	9102000	91
20220520 210908	-0.268804269404938	2570	1279	15	5	9680000	92
20220520 210926	-0.679703705313892	1909	20	7	5	10290000	93
20220520 210949	-0.875029984304827	3067	944	11	5	9866000	94
20220520 211017	-0.917308211878576	2102	406	20	5	10526000	95
20220520 211040	-0.940063295750983	2440	737	17	5	10218000	96
20220520 211101	-0.422669684238461	1934	355	8	5	10436000	97
20220520 211145	-0.912289279744191	22	1	20	5	8377000	98
20220520 211203	-0.194311564111512	3354	1677	7	5	9164000	99
20220520 211221	-0.485868483018396	7997	1379	10	5	7903000	100
20220520 211241	-0.144611492260299	938	469	7	5	10737000	101
20220520 211309	-0.89182038628745	2898	499	20	5	9733000	102
20220520 211332	-0.811050209509039	2207	1098	10	5	9739000	103
20220520 211359	-0.925019124961928	1918	397	16	5	10569000	104
20220520 211415	-0.999817396177377	4042	1999	5	5	8970000	105
20220520 211433	-0.13945451206271	973	485	6	5	10257000	106
20220520 211457	-0.160494776462644	1421	694	7	5	9671000	107
20220520 211527	-0.111530542162227	520	252	10	5	8196000	108
20220520 211552	-0.196087322069314	1278	436	8	5	10458000	109
20220520 211619	-0.173052098342104	1142	455	8	5	9912000	110
20220520 211632	-0.10725836554556	1163	545	3	5	8832000	111
20220520 211651	-0.198716448373208	5402	389	6	5	9233000	112
20220520 211722	-0.21562619742019	1585	584	19	5	10456000	113
20220520 211744	-0.144953203984798	2557	378	7	5	9996000	114
20220520 211816	-0.0863966695173639	1782	446	14	5	10564000	115
20220520 211843	-0.0869208749297078	2453	425	18	5	10231000	116
