Feature	Gain	Cover	Frequency	pos
ctrx_quarter_normalizado	0.293822628000611	0.0312839722169511	0.0059065228556754	1
mcuentas_saldo	0.049293908508819	0.0130050396117329	0.00821777092963534	2
ctrx_quarter	0.0486222482067306	0.0127116818589163	0.0032100667693888	3
mtarjeta_visa_consumo	0.0354763626220672	0.0229320125035493	0.00744735490498202	4
mcaja_ahorro	0.0301321547870452	0.00887708658856766	0.00436569080636877	5
cpayroll_trx	0.0180188195694126	0.0183776108943111	0.00654853620955316	6
mv_status06_ratioavg3	0.0155293280593013	0.00152654765805539	0.000770416024653313	7
mdescubierto_preacordado	0.0119157844579782	0.000924331884654461	0.00179763739085773	8
cproductos_ratioavg6	0.0118935951266573	0.0080487633774641	0.00552131484334874	9
mprestamos_personales_ratioavg6	0.0112809995715519	0.00639580642392737	0.00487930148947098	10
mdescubierto_preacordado_tend6	0.0105942238572637	0.00487495044619887	0.0032100667693888	11
mv_status07_ratioavg3	0.00916565694504496	0.00247111912795659	0.00115562403697997	12
mpayroll_sobre_edad	0.00837026286948752	0.0133588161634873	0.00410888546481767	13
mprestamos_personales_ratiomax6	0.00815618645329768	0.00648417369793533	0.00693374422187982	14
ctarjeta_visa_ratioavg6	0.00706713998077668	0.00184699151013515	0.000385208012326656	15
ctarjeta_visa_trx_ratioavg6	0.00688179551766585	0.00841033130716263	0.00449409347714432	16
foto_mes	0.00647219737139081	0.00657976243196277	0.0105290190035953	17
mdescubierto_preacordado_delta4	0.00640862416031956	0.00167257412841833	0.000770416024653313	18
mpasivos_margen	0.00602907739247888	0.00406299737759016	0.00372367745249101	19
mtarjeta_visa_consumo_delta5	0.0051720657606043	0.000362032862742354	0.00141242937853107	20
ctarjeta_visa_tend6	0.00509107588170598	0.00177890131597423	0.000256805341551104	21
mcomisiones_mantenimiento_delta5	0.00478831043145481	0.002921654245268	0.00513610683102209	22
mprestamos_personales	0.00439870032753933	0.00307416728148438	0.00346687211093991	23
mprestamos_personales_delta3	0.00430962962621627	0.00766823067892935	0.00385208012326656	24
ccaja_ahorro	0.00364212362520952	0.00663963380973598	0.00513610683102209	25
mpayroll	0.00328542222671546	0.0123324839681525	0.00269645608628659	26
cpayroll_trx_ratioavg6	0.00318080797451915	0.0112055087666687	0.0029532614278377	27
mpasivos_margen_avg3	0.00317912529549655	0.00102057302472728	0.00166923472008218	28
mprestamos_personales_ratioavg3	0.00313969539451406	0.00630548943070336	0.00308166409861325	29
mpayroll_ratiomax3	0.00308774600454186	0.00442139326410255	0.00179763739085773	30
mdescubierto_preacordado_delta1	0.00301712554547941	0.00796035860885584	0.00282485875706215	31
mactivos_margen	0.00291736289085912	0.00297799363169212	0.00410888546481767	32
mcuentas_saldo_delta5	0.00286556538696286	0.0024013566746219	0.00423728813559322	33
mactivos_margen_avg3	0.00272169105082611	0.00403123195220848	0.00346687211093991	34
mv_status04_delta3	0.00263086823736233	0.0014252222501807	0.000770416024653313	35
mcaja_ahorro_ratioavg6	0.00260958415000269	0.00520665767621141	0.00526450950179764	36
mcuentas_saldo_ratioavg3	0.00260087475764476	0.00228150893419461	0.00436569080636877	37
mprestamos_personales_ratiomax3	0.00229797424655012	0.00300642953656637	0.00192604006163328	38
mcuentas_saldo_ratioavg6	0.00229482636336214	0.00110828789268985	0.0032100667693888	39
mrentabilidad_annual_delta5	0.00227363557210428	0.00115873312794541	0.00359527478171546	40
mv_status01	0.0022449486244706	0.00704450050387119	0.00192604006163328	41
mcuentas_saldo_delta3	0.00223190181875907	0.00114250546493173	0.0029532614278377	42
Visa_Finiciomora	0.00212932939621586	0.00776896367211917	0.00333846944016436	43
cproductos_ratioavg3	0.00212731855770352	0.00091917262765196	0.00141242937853107	44
mrentabilidad_avg6	0.00207152934146873	0.000914238338251313	0.0029532614278377	45
mcomisiones_mantenimiento_delta4	0.0020393362334766	0.00246505250162661	0.0032100667693888	46
mtarjeta_visa_debitos_automaticos_tend3	0.00201724592581867	0.00433752534213167	0.00410888546481767	47
mv_msaldopesos	0.00201391710844531	0.000592662149242232	0.00141242937853107	48
mprestamos_personales_lag5	0.00197817763589788	0.000335321709482313	0.000642013353877761	49
cpayroll_trx_avg3	0.00194645683333597	0.00171006122980714	0.000642013353877761	50
cliente_edad_avg3	0.00194096075021669	0.00890555998804222	0.00449409347714432	51
cproductos_ratiomax6	0.00189553197442611	0.000701696446940435	0.00141242937853107	52
mcaja_ahorro_dolares_delta1	0.00187264994201197	0.00522528499364485	0.00385208012326656	53
mv_mpagominimo	0.00184432833294456	0.00294852287584934	0.00256805341551104	54
cproductos	0.00182510820521022	0.00428133593410879	0.0032100667693888	55
mcuenta_debitos_automaticos	0.00179492820978641	0.00875856615699132	0.00346687211093991	56
mcuenta_corriente_avg3	0.00178721358687023	0.000583310995925199	0.00205444273240883	57
ctarjeta_master_trx_ratioavg6	0.00171068414844894	0.0067891547768477	0.00333846944016436	58
mactivos_margen_delta5	0.00169599588602115	0.00145632777059694	0.00282485875706215	59
mcomisiones_mantenimiento	0.00169415581172646	0.00756863002266886	0.00346687211093991	60
mtransferencias_recibidas	0.00169302599952241	0.00645501039781509	0.0029532614278377	61
mpayroll_lag3	0.00168387332063565	0.00302984116499923	0.00282485875706215	62
Visa_fechaalta_tend3	0.00168210862677609	0.00256682034578495	0.00243965074473549	63
mcuenta_corriente	0.0016536816350342	0.0010268271240588	0.00243965074473549	64
Visa_cconsumos_avg3	0.00164480688334027	0.00428159089739089	0.00436569080636877	65
mv_fechaalta_tend3	0.00164358945252465	0.00824916451719497	0.00269645608628659	66
numero_de_cliente	0.00164348265673648	0.00194398254221414	0.00423728813559322	67
ccallcenter_trx_ratioavg3	0.00162848815477131	0.00256291340843277	0.00205444273240883	68
ccaja_seguridad	0.00162625353246114	0.00574644494009807	0.00282485875706215	69
ccomisiones_otras_avg3	0.00159370410423847	0.0181104693660304	0.00410888546481767	70
ctarjeta_visa_trx_ratioavg3	0.0015395260712629	0.00386895532207168	0.00179763739085773	71
ccajas_consultas_tend3	0.00152845577903173	0.0168233397287873	0.00385208012326656	72
mplazo_fijo_dolares_ratioavg3	0.00150866867420494	0.00919159129595849	0.0032100667693888	73
chomebanking_trx_delta1	0.00150811924559211	0.00375143224686355	0.00398048279404212	74
cliente_edad_lag5	0.0014809135832462	0.00275958758489293	0.00372367745249101	75
mrentabilidad_annual_lag5	0.0014804471806255	0.00109027548670147	0.00346687211093991	76
ctarjeta_visa_trx_tend6	0.00146435738481779	0.0026123237927198	0.00205444273240883	77
chomebanking_trx_lag5	0.00145910664660683	0.00143638814215268	0.00385208012326656	78
ccaja_ahorro_delta4	0.00144646038490791	0.00311667116039451	0.00205444273240883	79
ccomisiones_mantenimiento_delta3	0.00142608484758353	0.00129224390072525	0.00218284540318439	80
ctrx_quarter_delta4	0.00142162673540601	0.00174091178694128	0.00333846944016436	81
ccallcenter_trx_delta4	0.00141321416090035	0.00295776904428551	0.00205444273240883	82
mv_mpagominimo_delta2	0.00141039163601023	0.00526277209503366	0.0032100667693888	83
ccomisiones_mantenimiento_ratioavg3	0.00140804542222689	0.000667853820701646	0.00192604006163328	84
mcuenta_corriente_ratioavg6	0.00138159114135432	0.00145938732998214	0.00359527478171546	85
mautoservicio_ratiomax6	0.00137929599160211	0.00352994414391897	0.0029532614278377	86
mcaja_ahorro_dolares_ratioavg3	0.00136958453196042	0.00293135784782794	0.00333846944016436	87
mcuentas_saldo_ratiomax6	0.00136433556570501	0.00141668098023033	0.00243965074473549	88
mcuentas_saldo_delta4	0.00135877079496853	0.000413940387409958	0.0029532614278377	89
mcomisiones_mantenimiento_ratioavg3	0.00135551831494193	0.003267984369401	0.0032100667693888	90
mcomisiones_ratiomax6	0.0013545762201471	0.00226044446774109	0.00423728813559322	91
chomebanking_trx_delta3	0.00134994618238389	0.000673035574464332	0.00218284540318439	92
mcuenta_corriente_delta2	0.00134793512411569	0.00448075471531156	0.00333846944016436	93
mactivos_margen_avg6	0.00134281066485867	0.00392907416420693	0.00333846944016436	94
mprestamos_personales_avg3	0.00132044410460325	0.000593029596325259	0.000898818695428865	95
mpagomiscuentas	0.00131936259696426	0.010201508355278	0.00243965074473549	96
ctrx_quarter_normalizado_ratiomax3	0.00128359246569159	0.000976996800248304	0.00308166409861325	97
mpasivos_margen_lag5	0.00128215937509093	0.00109949915837745	0.00269645608628659	98
ctrx_quarter_ratioavg3	0.00127560106860545	0.00084125134929006	0.00205444273240883	99
ctrx_quarter_delta5	0.00125749636602014	0.00104944386696511	0.0029532614278377	100
mcuenta_corriente_ratioavg3	0.0012514747172717	0.000689098261236654	0.00308166409861325	101
mtransferencias_emitidas_avg3	0.00124057730614697	0.00285687857377439	0.00346687211093991	102
mcomisiones_ratioavg6	0.00123025086805524	0.00114108067011999	0.00308166409861325	103
ctrx_quarter_normalizado_ratioavg3	0.00121804155612734	0.000783337189652975	0.00192604006163328	104
mcaja_ahorro_ratioavg3	0.00121568355897875	0.00271547893708957	0.00269645608628659	105
ccomisiones_mantenimiento_avg3	0.00121119565736344	0.00523768820742703	0.00308166409861325	106
mtarjeta_visa_debitos_automaticos_ratioavg3	0.00120709658454761	0.00208183518970974	0.00269645608628659	107
Visa_fechaalta_lag5	0.00119436025354193	0.00234645708084964	0.0032100667693888	108
mcuentas_saldo_delta2	0.00118516035635172	0.00292807332084088	0.0029532614278377	109
mrentabilidad_annual_delta4	0.0011701878438819	0.00433973752354989	0.0032100667693888	110
mpasivos_margen_delta5	0.00114674016820998	0.0020757235698594	0.00218284540318439	111
mpayroll_ratioavg6	0.00114659746876381	0.00264731375372804	0.00115562403697997	112
mv_Finiciomora_avg3	0.00114619417780287	0.00172018477189054	0.000770416024653313	113
mtransferencias_recibidas_avg3	0.0011356516849219	0.00211877486993404	0.00282485875706215	114
ccallcenter_trx_ratiomax3	0.00112147362885716	0.00306609094457784	0.00205444273240883	115
mv_fechaalta_ratioavg3	0.00111855261439432	0.00265104071699874	0.00256805341551104	116
mprestamos_personales_tend6	0.00111745592134671	0.00105182852354475	0.000385208012326656	117
mcuenta_corriente_avg6	0.00110871503713844	0.00121325027679451	0.00256805341551104	118
mpayroll_avg3	0.00109032147102875	0.00180870952321979	0.00128402670775552	119
mcaja_ahorro_lag3	0.00108889226370899	0.00121437511480378	0.00243965074473549	120
mv_mpagominimo_avg3	0.0010696607031061	0.00101817337030751	0.00141242937853107	121
ctrx_quarter_delta1	0.00106490314991449	0.00135425996963612	0.0032100667693888	122
mprestamos_personales_lag3	0.00106382651306693	0.000778740351655107	0.00102722136620442	123
chomebanking_trx_ratioavg3	0.00106362657556244	0.000450362642149997	0.00256805341551104	124
mtransferencias_emitidas_tend3	0.00105327572370652	0.00182049032663684	0.0032100667693888	125
Master_mfinanciacion_limite	0.00105220070999249	0.00105014126653085	0.00256805341551104	126
mcaja_ahorro_avg3	0.00104501469312526	0.00178969976086319	0.00218284540318439	127
mv_msaldototal	0.0010379990232177	0.00105394321900217	0.00128402670775552	128
mcuenta_corriente_ratiomax3	0.00103644617540528	0.00146201195200376	0.0029532614278377	129
Visa_mfinanciacion_limite_ratioavg3	0.00103372325138495	0.0123041005557187	0.00256805341551104	130
ccaja_ahorro_ratioavg3	0.00102537286639893	0.00999907500821038	0.00231124807395994	131
mcaja_ahorro_dolares_ratioavg6	0.00102434205004061	0.00161757704868528	0.00269645608628659	132
mpayroll_delta4	0.00102298378631283	0.00110835538297041	0.00218284540318439	133
mactivos_margen_lag2	0.0010051981219579	0.00393631062206654	0.00243965074473549	134
Visa_fechaalta_lag4	0.000966009001081476	0.0008576439885451	0.00243965074473549	135
mactivos_margen_lag5	0.000948844950969258	0.001252154674075	0.00243965074473549	136
mv_msaldototal_avg3	0.000936059041370834	0.00225058338785986	0.00205444273240883	137
mcuentas_saldo_ratiomax3	0.000928626942439522	0.0020716216605856	0.00243965074473549	138
mrentabilidad_annual	0.000920592560827531	0.000387296724430473	0.00102722136620442	139
mprestamos_hipotecarios_avg6	0.000916013001543435	0.01370025699174	0.00282485875706215	140
internet_tend6	0.000914319950878403	0.00336780249434328	0.00243965074473549	141
mactivos_margen_ratioavg6	0.000909819264478701	0.00141862320052633	0.00231124807395994	142
canarito154	0.00090332749673184	0.00167571617592421	0.0032100667693888	143
ctransferencias_emitidas_avg3	0.000903014390519031	0.000514373423797305	0.00192604006163328	144
Master_fechaalta	0.000902879335238993	0.000525846771491821	0.00218284540318439	145
mtarjeta_visa_consumo_ratiomax6	0.00090041366884221	0.00247792064845262	0.00166923472008218	146
canarito170	0.000895627646138879	0.0015063605652491	0.0032100667693888	147
mv_fultimo_cierre_avg3	0.000895351903986985	0.000399827419853698	0.00141242937853107	148
Visa_mpagominimo	0.000893004220064711	0.0016668524524112	0.00231124807395994	149
mrentabilidad_ratiomax6	0.00087172765586639	0.00249468073479068	0.00269645608628659	150
mv_mpagospesos_ratioavg3	0.000870743678106763	0.00152345810298994	0.00231124807395994	151
Visa_fechaalta_delta3	0.0008616789850186	0.00042573618866713	0.00115562403697997	152
ccaja_ahorro_avg3	0.000860707978418595	0.000546978728225901	0.000898818695428865	153
mrentabilidad_delta4	0.000858192811317228	0.000280947040114386	0.00179763739085773	154
mrentabilidad_annual_ratiomax6	0.000855778239550499	0.000704358563562365	0.00192604006163328	155
mactivos_margen_delta3	0.000852672653803578	0.000389688879930179	0.00218284540318439	156
mrentabilidad_annual_ratioavg3	0.0008519384967395	0.000424768827979161	0.00218284540318439	157
mcuentas_saldo_delta1	0.000836300080874498	0.00127892581869554	0.00218284540318439	158
mvr_mpagominimo_delta1	0.000834040831998573	0.00347586943135352	0.00218284540318439	159
cliente_edad_lag1	0.000829134815637288	0.00107575007854181	0.00179763739085773	160
cliente_antiguedad_lag3	0.000823680664162903	0.00121384269147939	0.00205444273240883	161
ctarjeta_visa_trx_delta5	0.000821053026564893	0.00146279933861025	0.00192604006163328	162
cliente_edad_lag4	0.000818861534820875	0.000951283003356479	0.00179763739085773	163
mvr_mpagominimo	0.000812145706495059	0.00378708211283723	0.00205444273240883	164
chomebanking_trx_tend3	0.000806180630973897	0.000488479652823998	0.00192604006163328	165
canarito75	0.000791148225294163	0.000699724230964188	0.00243965074473549	166
mv_status07_avg3	0.00078022924610464	0.000533278201273039	0.000898818695428865	167
mactivos_margen_delta1	0.000778468954316732	0.00477943670137204	0.00269645608628659	168
mpasivos_margen_lag4	0.000775981404129955	0.000573532404164645	0.00231124807395994	169
mcomisiones_mantenimiento_delta3	0.000773506240941632	0.00169981770500276	0.00205444273240883	170
mcuentas_saldo_lag3	0.000772558151540543	0.00134430140379409	0.00256805341551104	171
canarito169	0.000763945525479885	0.000491771678731117	0.00243965074473549	172
ccaja_ahorro_avg6	0.00076198284966489	0.00289523554989037	0.00179763739085773	173
mrentabilidad_annual_delta1	0.000759783171319377	0.000963986173941125	0.00218284540318439	174
ctarjeta_visa_trx	0.000751289320523383	0.00205708125458582	0.00128402670775552	175
mcuenta_corriente_ratiomax6	0.000746555669259513	0.00097731925381096	0.00243965074473549	176
Visa_msaldopesos_tend3	0.000745167653647169	0.00146232690664636	0.00192604006163328	177
cproductos_avg6	0.000744036588278328	0.000800442226313883	0.00218284540318439	178
mrentabilidad_delta3	0.000743893823461749	0.000444768447783914	0.00166923472008218	179
mcuentas_saldo_tend3	0.000742216924852978	0.00286564481132661	0.00192604006163328	180
Visa_fultimo_cierre_avg3	0.00073592708910373	0.00269608672980982	0.00218284540318439	181
mtransferencias_recibidas_delta5	0.000733564301833575	0.000365654841132191	0.00192604006163328	182
mv_cconsumos_delta3	0.000723757651738898	0.00270306072546727	0.00179763739085773	183
mactivos_margen_tend6	0.000719585238879443	0.00150038392595986	0.00192604006163328	184
Visa_fechaalta	0.000716042696407197	0.0010963121173512	0.00128402670775552	185
mtarjeta_visa_consumo_ratioavg6	0.000715664543848468	0.000476991307289359	0.00128402670775552	186
ccomisiones_otras_ratioavg3	0.000709961420103085	0.000593397043408286	0.00192604006163328	187
mcaja_ahorro_ratiomax3	0.000707039035643223	0.000546078857818488	0.00231124807395994	188
chomebanking_trx_delta5	0.000705202592883787	0.000722738416633775	0.00205444273240883	189
ctarjeta_visa_debitos_automaticos_tend3	0.000693881835988919	0.00686220175716945	0.00218284540318439	190
Visa_msaldopesos	0.000685684619451691	0.00193703104331687	0.00205444273240883	191
mcuenta_corriente_delta5	0.000685607892664155	0.00057464974325385	0.00154083204930663	192
mcuentas_saldo_avg3	0.000681654394201947	0.00219863086967188	0.00166923472008218	193
mtarjeta_visa_debitos_automaticos_ratiomax3	0.000681119349862422	0.000686721103577071	0.00205444273240883	194
mv_Finiciomora_ratioavg3	0.0006803915935357	0.000566318443065218	0.000385208012326656	195
canarito5	0.000679769845770428	0.00076835434736955	0.00205444273240883	196
chomebanking_trx_lag3	0.000674800973667598	0.000505449708923794	0.00179763739085773	197
cliente_edad_lag3	0.000673181823562742	0.00157297347215784	0.00154083204930663	198
mpasivos_margen_tend6	0.000672735769222675	0.00244066601358572	0.00205444273240883	199
ccomisiones_mantenimiento_delta1	0.000672440845721612	0.00189868906504102	0.00154083204930663	200
Visa_mfinanciacion_limite	0.000672080387682796	0.00115538860959786	0.00218284540318439	201
mpasivos_margen_ratioavg6	0.000669879165482771	0.000401732145549389	0.00166923472008218	202
Visa_mpagospesos_lag3	0.000669023330429374	0.000402796992198161	0.00192604006163328	203
ccallcenter_trx_avg3	0.000668924750450762	0.00267487978387512	0.00192604006163328	204
Visa_fechaalta_delta4	0.000668339508585833	0.000257310444079672	0.00141242937853107	205
Visa_mpagado_ratioavg3	0.000663304698595874	0.00170216486698209	0.00192604006163328	206
canarito185	0.000663014074242826	0.00117324353826495	0.00205444273240883	207
mactivos_margen_delta4	0.000662959634594662	0.000310492785157777	0.00154083204930663	208
mtarjeta_visa_consumo_delta4	0.000659857315977695	0.000977649206293679	0.00141242937853107	209
canarito95	0.000655179328318718	0.000550870667737962	0.00218284540318439	210
ctrx_quarter_lag4	0.000654940253406918	0.000502922572862976	0.00192604006163328	211
canarito192	0.000653976995287532	0.000850520014486414	0.00205444273240883	212
mcuenta_debitos_automaticos_ratiomax3	0.000653247106772551	0.00284428788699068	0.00179763739085773	213
canarito179	0.000653045519708198	0.000321298728966795	0.00218284540318439	214
mtransferencias_recibidas_ratioavg3	0.000650279783628645	0.00041555265522324	0.00231124807395994	215
mcuenta_corriente_lag5	0.000648082579622931	0.00165846865978213	0.00192604006163328	216
Visa_mfinanciacion_limite_lag4	0.00064686591099854	0.000492154123654267	0.00166923472008218	217
canarito54	0.000640919762299182	0.00162257132944642	0.00218284540318439	218
mpayroll_sobre_edad_delta5	0.000639875494934564	0.00471882293051272	0.00192604006163328	219
thomebanking	0.000638123366103532	0.00406457215080313	0.00166923472008218	220
mcomisiones_delta1	0.000638074060119337	0.00150593312680558	0.00179763739085773	221
mvr_mpagominimo_lag1	0.000637200530546027	0.0018478838816225	0.00179763739085773	222
mrentabilidad_ratioavg6	0.000636005103134348	0.000717444179070162	0.00166923472008218	223
mpasivos_margen_delta3	0.000635690524000883	0.000368864378918631	0.00179763739085773	224
mactivos_margen_ratiomax6	0.000635275968465444	0.00809872118291565	0.00218284540318439	225
chomebanking_trx	0.000634818849834707	0.000743502926284828	0.00166923472008218	226
canarito37	0.000633504871086812	0.000522697225065875	0.00205444273240883	227
canarito39	0.000630694402170483	0.000838709215389119	0.00218284540318439	228
canarito160	0.000628752369498434	0.00227251772904055	0.00192604006163328	229
cproductos_avg3	0.000628186339581592	0.00131111118360067	0.00115562403697997	230
canarito130	0.000627672297226873	0.000728302615319611	0.00218284540318439	231
mcomisiones_otras_ratioavg3	0.000626841980280444	0.00111871139157572	0.00231124807395994	232
mcomisiones_avg6	0.000626124954438012	0.000928568774489364	0.00128402670775552	233
canarito143	0.000618213969918202	0.00136002663916363	0.00218284540318439	234
canarito28	0.000616799744941508	0.000808856014623194	0.00231124807395994	235
mpasivos_margen_ratioavg3	0.00060978423359198	0.000628926926660974	0.00166923472008218	236
tcallcenter_delta5	0.000591511994974901	0.00158993602933758	0.000770416024653313	237
ccaja_seguridad_lag3	0.000591147478406836	0.0002963048284009	0.000513610683102209	238
canarito68	0.00058907213598395	0.00181256396813154	0.00205444273240883	239
Master_fechaalta_lag4	0.000588626586526035	0.000785376895909778	0.00179763739085773	240
mcomisiones_lag1	0.000586659637989363	0.0002943626081049	0.00192604006163328	241
Master_fechaalta_lag5	0.00058057768850905	0.000639785362910424	0.00154083204930663	242
mpayroll_tend6	0.000579938390873295	0.00133954708847492	0.00154083204930663	243
mrentabilidad_annual_ratioavg6	0.000577759992684572	0.000442331298763837	0.00154083204930663	244
canarito77	0.000575688703227495	0.00185315562242593	0.00205444273240883	245
cliente_edad	0.000570784924759823	0.00198733379909126	0.00166923472008218	246
mprestamos_personales_avg6	0.000567668928426393	0.000499083125791347	0.000770416024653313	247
canarito35	0.000566907368640154	0.000971057655559379	0.00179763739085773	248
Master_fultimo_cierre_avg3	0.000566886541903699	0.000616943652402259	0.00141242937853107	249
Master_mfinanciacion_limite_ratioavg3	0.000562707760296665	0.00796575033238026	0.00192604006163328	250
Visa_Fvencimiento	0.000562101997684464	0.000722558442552292	0.00179763739085773	251
canarito157	0.000562027914921638	0.00733369635605352	0.00231124807395994	252
canarito72	0.000561667996536471	0.000497343376337015	0.00205444273240883	253
mvr_Visa_mlimitecompra_avg3	0.000561635080445584	0.000215488966895155	0.00154083204930663	254
canarito117	0.000559956003750177	0.000701089034415431	0.00179763739085773	255
mpasivos_margen_delta2	0.000559233454802998	0.00107506767681619	0.00154083204930663	256
mcuentas_saldo_tend6	0.000557123027938608	0.000306803316487384	0.00141242937853107	257
mcuentas_saldo_lag5	0.000557073221244841	0.000983558355302357	0.00166923472008218	258
mrentabilidad_lag3	0.000556194500982307	0.000422511653040567	0.00179763739085773	259
canarito98	0.000555733903810907	0.00518557821191776	0.00205444273240883	260
mcuenta_corriente_delta3	0.000554394336022187	0.00338692474050081	0.00179763739085773	261
canarito96	0.000553912027527423	0.00214752572945089	0.00192604006163328	262
canarito51	0.000552942993166786	0.00161756954976521	0.00192604006163328	263
canarito132	0.000552650467508226	0.000344230426515701	0.00192604006163328	264
mcomisiones_lag3	0.000552307492578616	0.000400149873416355	0.00166923472008218	265
cprestamos_personales_ratioavg6	0.000549790963825386	0.00396639628935438	0.00166923472008218	266
cproductos_delta5	0.000547584210175456	0.00585358201102064	0.00128402670775552	267
canarito144	0.000541865047033465	0.000372928793592113	0.00205444273240883	268
canarito4	0.000538232190463117	0.000469244922865546	0.00179763739085773	269
cpayroll_trx_ratioavg3	0.00053763618751498	0.00134771341242219	0.00102722136620442	270
mcaja_ahorro_delta2	0.00053755023932617	0.000708782926398812	0.00154083204930663	271
canarito104	0.000535079177783754	0.000440194106546231	0.00179763739085773	272
mrentabilidad_annual_delta3	0.000534722052245309	0.000290215705310739	0.00141242937853107	273
canarito182	0.000531831711807163	0.000286166288477381	0.00192604006163328	274
mpayroll_sobre_edad_delta3	0.000529975797008835	0.00141884066920813	0.00154083204930663	275
canarito45	0.000528163660917377	0.00175478478905557	0.00218284540318439	276
mcomisiones_delta3	0.00052640670162984	0.000849117716434862	0.00166923472008218	277
mpasivos_margen_lag1	0.000523317348609056	0.00049140423164809	0.00141242937853107	278
ctransferencias_recibidas_avg3	0.000519180131459898	0.00137111754193499	0.00128402670775552	279
canarito112	0.000518898895411316	0.00129182396120179	0.00179763739085773	280
canarito64	0.000515948244505281	0.000776760636758799	0.00179763739085773	281
canarito69	0.000515865180959946	0.00407613548553839	0.00179763739085773	282
ccallcenter_trx_delta3	0.000512200043921694	0.00053078855981253	0.00115562403697997	283
canarito110	0.000510788282157921	0.00378106797894768	0.00205444273240883	284
canarito199	0.000510239262457911	0.000628814442860048	0.00205444273240883	285
Visa_fechaalta_delta5	0.000508970116688706	0.00224508667945458	0.00128402670775552	286
mcomisiones_tend6	0.000508214801863511	0.000644704654470948	0.00141242937853107	287
canarito20	0.000507901452250216	0.00123142765902426	0.00192604006163328	288
ctarjeta_debito_ratioavg6	0.000506177374282069	0.0068932847808255	0.00192604006163328	289
canarito189	0.000506130962677369	0.000583618451647732	0.00192604006163328	290
canarito200	0.000505476891327535	0.000303053856456497	0.00141242937853107	291
canarito167	0.000504802813848599	0.000262642176243594	0.00154083204930663	292
mpayroll_lag5	0.00050409574239062	0.000587547885760102	0.000898818695428865	293
canarito15	0.000503358581069113	0.000484857674434161	0.00192604006163328	294
mcuenta_corriente_tend6	0.000502161390047054	0.00100875472670992	0.00141242937853107	295
mprestamos_personales_delta1	0.000501253169645598	0.0004011022362642	0.000513610683102209	296
canarito197	0.000499144890268925	0.000843021094424639	0.00179763739085773	297
cliente_antiguedad_ratioavg6	0.000498832962114469	0.000950930554113576	0.00166923472008218	298
canarito82	0.000495792133414604	0.000189895152724318	0.00141242937853107	299
Master_mfinanciacion_limite_delta5	0.000494900316815054	0.00283297951553752	0.00154083204930663	300
canarito34	0.000494892585024754	0.000589197648173692	0.00179763739085773	301
ctarjeta_visa_trx_lag5	0.00049456989856881	0.00050868924239048	0.00115562403697997	302
mv_mpagominimo_delta5	0.000494019362831487	0.00278624624571254	0.00141242937853107	303
mv_mpagominimo_delta1	0.000493618116434631	0.00176001153633862	0.00154083204930663	304
canarito21	0.000490648491417556	0.00131054126567598	0.00166923472008218	305
cliente_edad_lag2	0.000490463701768467	0.000463350771696991	0.00141242937853107	306
canarito61	0.000489452643966181	0.000598286339288563	0.00166923472008218	307
mcaja_ahorro_dolares_tend3	0.000486222355109613	0.000931778312275803	0.000898818695428865	308
mv_Finiciomora_lag1	0.000484181921879881	0.000540814615935123	0.000642013353877761	309
mcaja_ahorro_lag5	0.000479846708866686	0.000898280636359856	0.00154083204930663	310
canarito155	0.000479111119216889	0.000876271305978548	0.00154083204930663	311
Master_Fvencimiento_lag4	0.000478172142730002	0.000426673553674851	0.00128402670775552	312
canarito31	0.000477896589735057	0.000644097241945944	0.00154083204930663	313
mactivos_margen_lag3	0.000476091502521678	0.000621315522798273	0.00166923472008218	314
canarito17	0.000476044862815951	0.000289195852182338	0.00166923472008218	315
canarito188	0.000475983317264452	0.00135302264782593	0.00179763739085773	316
mtransferencias_recibidas_lag4	0.000475907139866585	0.00118964367644005	0.00154083204930663	317
mvr_mconsumospesos_delta3	0.000474088209424413	0.00202340360458839	0.00166923472008218	318
canarito119	0.000472601085306687	0.000190127619246233	0.00141242937853107	319
canarito106	0.000471492252833682	0.000218061096476344	0.00154083204930663	320
canarito42	0.000469138773198118	0.00127020457466369	0.00179763739085773	321
canarito29	0.00046906630939624	0.000418102288044243	0.00154083204930663	322
canarito46	0.000468742578404495	0.000628701959059121	0.00141242937853107	323
canarito43	0.000468255749614988	0.000795252973631135	0.00154083204930663	324
Master_Fvencimiento_ratioavg3	0.000466635553583471	0.000267456482923253	0.00128402670775552	325
canarito142	0.00046617622765804	0.000387041761148373	0.00154083204930663	326
mcomisiones_avg3	0.000464681999027838	0.00564748919096289	0.00179763739085773	327
mcaja_ahorro_avg6	0.000461951789683243	0.00117573317972545	0.00141242937853107	328
mactivos_margen_delta2	0.000461876150548166	0.000348587299071592	0.00154083204930663	329
Visa_mfinanciacion_limite_lag5	0.000460258630531137	0.00127546881654706	0.00154083204930663	330
mcaja_ahorro_delta4	0.000458829241008727	0.000359708197523204	0.00102722136620442	331
Visa_mpagominimo_delta4	0.000458001943619187	0.000204150599761752	0.00102722136620442	332
canarito123	0.000455783997719473	0.000785114433707616	0.00166923472008218	333
canarito11	0.000454571519756024	0.000642439980612292	0.00179763739085773	334
cmobile_app_trx_avg3	0.000454048043198461	0.000211739506864268	0.00141242937853107	335
canarito1	0.000453508678848023	0.000834382338513475	0.00166923472008218	336
canarito126	0.000453035933906074	0.00015423778783058	0.00154083204930663	337
canarito125	0.000451805626509299	0.00125426936953242	0.00166923472008218	338
mcuentas_saldo_avg6	0.000447140203878848	0.000312524992494518	0.00154083204930663	339
canarito161	0.000445500502427801	0.00219888583295398	0.00166923472008218	340
internet_ratioavg6	0.000445246887466388	0.00346994528450472	0.00141242937853107	341
ctarjeta_debito_avg6	0.000445051488337823	0.00149694192165151	0.00154083204930663	342
canarito175	0.000443247114635583	0.000206347783339852	0.00141242937853107	343
canarito58	0.000441357700976061	0.000247629338279921	0.00141242937853107	344
canarito131	0.000440266668728323	0.00091325597972322	0.00166923472008218	345
canarito180	0.00043868754618113	0.000507009484296643	0.00141242937853107	346
canarito150	0.000438391717230258	0.000598848758293196	0.00154083204930663	347
mcomisiones_mantenimiento_lag3	0.000435358952736214	0.000839354122514432	0.00141242937853107	348
mv_Fvencimiento_ratioavg3	0.00043508653891211	0.00426084888450002	0.00166923472008218	349
canarito26	0.000431607106708775	0.000267681450525106	0.00141242937853107	350
Visa_mpagospesos_delta3	0.000431349340030498	0.000510361501564256	0.00141242937853107	351
canarito101	0.00042868054688743	0.000438304378690664	0.00166923472008218	352
Master_Fvencimiento_lag2	0.000427819585124365	0.000214101666683727	0.00115562403697997	353
canarito118	0.000427517878399467	0.00130005027650955	0.00141242937853107	354
Visa_Fvencimiento_lag5	0.000425631915463409	0.000247951791842577	0.00128402670775552	355
mcuenta_debitos_automaticos_delta4	0.000424612545882235	0.00313495352750512	0.00128402670775552	356
canarito30	0.000423038294126485	0.000659072585309308	0.00166923472008218	357
mprestamos_personales_delta4	0.000421262960188533	0.00029199294936538	0.000770416024653313	358
mcaja_ahorro_ratiomax6	0.000420823395600857	5.89640084457337e-05	0.000770416024653313	359
canarito141	0.000420492579568676	0.000450107678867897	0.00128402670775552	360
canarito107	0.000419364013575113	0.000563431358841435	0.00141242937853107	361
Master_Fvencimiento_lag1	0.000414338110652087	0.000177664414103564	0.00102722136620442	362
canarito73	0.000414294927233264	0.00242667302875045	0.00141242937853107	363
Master_Fvencimiento	0.000413259571108159	0.000199801226125923	0.00115562403697997	364
Visa_mfinanciacion_limite_lag3	0.000413205597398069	0.000361905381101304	0.00128402670775552	365
canarito190	0.000411475901746702	0.000522134806061242	0.00128402670775552	366
canarito109	0.000411011081924582	0.00268600068232674	0.00154083204930663	367
mcomisiones_mantenimiento_ratiomax3	0.000407269610321293	0.00337838347055045	0.00115562403697997	368
canarito177	0.00040649914346812	0.000457059177765162	0.00128402670775552	369
canarito163	0.000405696650674409	0.000480658279199567	0.00154083204930663	370
canarito116	0.000405607374157808	0.000384297156405763	0.00128402670775552	371
canarito187	0.000404708606040373	0.000201900923743219	0.00141242937853107	372
canarito108	0.000402961870964115	0.00242166375014918	0.00154083204930663	373
mv_fechaalta_delta3	0.000402896857998833	0.00268319608622363	0.00115562403697997	374
mtarjeta_visa_consumo_delta3	0.000399183682049774	0.00124655298078885	0.00128402670775552	375
mcomisiones_mantenimiento_lag5	0.000398472321179799	0.000216553813543927	0.000770416024653313	376
canarito162	0.000398440209005946	0.000114418522302557	0.00141242937853107	377
canarito56	0.000398335663629133	0.0023534685711074	0.00141242937853107	378
canarito12	0.000396385398457212	0.00244398053625302	0.00154083204930663	379
mprestamos_personales_delta5	0.000395964979056347	0.000682731678104207	0.000770416024653313	380
canarito151	0.000395830061471442	0.00195570335427069	0.00141242937853107	381
canarito32	0.000394464817017723	0.000476496378565282	0.00141242937853107	382
canarito91	0.000391528092792076	0.00131144863500345	0.00141242937853107	383
canarito53	0.000390047078721982	0.000291115575718152	0.00128402670775552	384
canarito166	0.000380067786748766	0.00222721675294737	0.00154083204930663	385
canarito59	0.000379389638222842	0.000167968310463689	0.00141242937853107	386
mv_msaldopesos_delta5	0.000376996578886509	0.000357833467507761	0.000898818695428865	387
canarito183	0.000376491119528361	0.0028783779775915	0.00154083204930663	388
canarito36	0.00037639040318891	0.000411990668193897	0.00141242937853107	389
canarito25	0.000376343839980479	0.00068189929797735	0.00141242937853107	390
Visa_Fvencimiento_lag3	0.000375126217226183	0.000651723643648769	0.00115562403697997	391
Master_mfinanciacion_limite_lag4	0.000374626114069591	0.00153275676386654	0.00115562403697997	392
ctrx_quarter_lag5	0.000373314663905031	0.000168485735947952	0.00102722136620442	393
canarito18	0.000372416560618639	0.000170120500521419	0.00115562403697997	394
Visa_mpagominimo_delta5	0.000372368826306154	0.000366059782815527	0.00115562403697997	395
canarito139	0.000372134510917003	0.000219035956084374	0.00115562403697997	396
canarito62	0.000371265916114693	0.000182613701344335	0.00128402670775552	397
canarito176	0.00036978892023891	0.000198976344919127	0.00128402670775552	398
mrentabilidad_annual_avg3	0.0003679597641946	0.000409013596929372	0.000770416024653313	399
Visa_msaldopesos_delta5	0.000367255827734883	0.000339378625235733	0.00128402670775552	400
mrentabilidad_annual_lag1	0.000365720222412895	0.0011018838149571	0.000770416024653313	401
canarito147	0.000365335289412051	0.000234941165535398	0.00141242937853107	402
canarito83	0.000363159973368912	0.000410835834504383	0.00128402670775552	403
mv_Fvencimiento_lag1	0.000360912342345907	0.00120523393124848	0.00102722136620442	404
canarito81	0.000360858734431976	0.000426238616311268	0.00128402670775552	405
ctrx_quarter_delta3	0.000359074016362138	0.000202433347067605	0.00128402670775552	406
mtransferencias_recibidas_lag5	0.000358070522056101	0.000141242159363525	0.00102722136620442	407
mcuenta_corriente_lag4	0.00035732639808983	0.000842188714297782	0.00115562403697997	408
mcuentas_saldo_lag4	0.00035690976878225	0.000441648897038215	0.00115562403697997	409
canarito84	0.000356715707660929	0.000287441104887882	0.00128402670775552	410
canarito134	0.000354831320569161	0.000216748785465533	0.00128402670775552	411
Master_Fvencimiento_lag5	0.000353850171818612	0.000394533182290085	0.00115562403697997	412
canarito13	0.00035089333436765	0.000214731575968916	0.00128402670775552	413
canarito33	0.000350847906100914	0.000291483022801179	0.00128402670775552	414
Master_fechaalta_delta5	0.000350533680245868	9.07669284277198e-05	0.000513610683102209	415
canarito171	0.000348119225311372	0.00025020146786111	0.00115562403697997	416
ctarjeta_visa_trx_ratiomax6	0.000346682964940953	0.000461041104317964	0.00102722136620442	417
canarito100	0.000346526818661075	0.000718988956602887	0.00141242937853107	418
mcuenta_debitos_automaticos_delta5	0.000346151600816779	0.000603985518535512	0.000898818695428865	419
canarito27	0.000345358525535593	0.000173644992950453	0.00141242937853107	420
mcaja_ahorro_delta5	0.000345117016618931	0.000497935791021896	0.00115562403697997	421
canarito78	0.000344503298287981	0.000139232448786969	0.00102722136620442	422
canarito102	0.000341164541829624	0.000625109976349531	0.00128402670775552	423
canarito178	0.000340238108117503	0.000520320067406293	0.00141242937853107	424
mrentabilidad_annual_lag3	0.000339973312033186	0.000314497208470765	0.00115562403697997	425
canarito129	0.000339624485755889	0.000195984275814479	0.00128402670775552	426
canarito52	0.000339168229458302	0.000119817744747035	0.00115562403697997	427
canarito87	0.000338066089803237	0.000209182375123203	0.00128402670775552	428
canarito60	0.000337613723740849	0.000382309942589393	0.00128402670775552	429
canarito173	0.000336790619793971	0.000386711808665655	0.00128402670775552	430
canarito135	0.000335830653840017	0.00118896127471443	0.00128402670775552	431
ccallcenter_trx	0.000334327152346723	0.00262715665660199	0.000898818695428865	432
canarito120	0.000332623453258136	0.000427475938121461	0.00128402670775552	433
canarito48	0.000332517702005772	0.000331767221373032	0.00128402670775552	434
canarito22	0.000330915144859772	7.40743323702095e-05	0.000898818695428865	435
canarito76	0.000330074183662369	0.000238150703321838	0.00128402670775552	436
mv_mpagominimo_lag4	0.000329071216492242	0.00136100149877166	0.000898818695428865	437
mrentabilidad_tend6	0.000328940237822633	0.000173562504829773	0.00102722136620442	438
canarito121	0.000327647263841263	0.000183423584711007	0.000898818695428865	439
canarito2	0.000326684171234207	0.00130875652270127	0.00128402670775552	440
mv_Finiciomora_delta1	0.000326656365162669	0.000412403108797294	0.000256805341551104	441
canarito140	0.000325360055899209	0.000689398218039125	0.00115562403697997	442
canarito9	0.000323525881632304	0.000497298382816645	0.00115562403697997	443
mrentabilidad_annual_lag4	0.00032229063946453	0.000521804853578524	0.00102722136620442	444
canarito90	0.000321000789354542	0.000341650798014451	0.00102722136620442	445
mcuenta_corriente_lag3	0.000320829276854258	0.000454487048183973	0.00115562403697997	446
chomebanking_trx_avg3	0.000316951687353951	0.00039337084968051	0.00102722136620442	447
canarito148	0.000313678105200626	0.000184218470237555	0.00128402670775552	448
mcuenta_corriente_delta1	0.000312070328157344	0.000479578434710671	0.00102722136620442	449
ccallcenter_trx_delta5	0.00031034865220428	0.000796190338638857	0.000642013353877761	450
canarito24	0.000310143339026199	0.00327949521169583	0.00115562403697997	451
canarito66	0.000307875978655216	0.000263099610367362	0.00128402670775552	452
canarito149	0.00030563608359509	0.00193197677119524	0.00128402670775552	453
internet_avg6	0.00030502220114267	0.000926349094151078	0.000898818695428865	454
canarito40	0.000304965964503489	0.00102238776338223	0.00102722136620442	455
canarito80	0.000304364950287057	0.000185688258569663	0.00102722136620442	456
cprestamos_personales_tend6	0.000301905662373872	0.000590524957024627	0.000385208012326656	457
canarito122	0.000301846296299869	0.00034612765329133	0.00115562403697997	458
canarito181	0.000301423020072727	0.000360150633806849	0.00115562403697997	459
canarito133	0.000298346090212755	0.000160926824525683	0.00102722136620442	460
canarito195	0.000297491874120307	0.000247261891196894	0.00115562403697997	461
canarito164	0.000296931420160887	0.000278959826298015	0.00128402670775552	462
canarito103	0.000296796140952403	0.00043816189920949	0.00102722136620442	463
canarito49	0.000293413055006647	0.000119847740427282	0.00115562403697997	464
mpasivos_margen_ratiomax6	0.000293259509634821	0.000251146331788893	0.000770416024653313	465
canarito70	0.000292992801118112	7.2994487881314e-05	0.00102722136620442	466
Visa_mpagominimo_lag4	0.000292515624896456	0.00044488093158484	0.000898818695428865	467
canarito92	0.000291526729056149	0.000209654807087094	0.00115562403697997	468
mvr_mpagominimo_lag5	0.000291209629684507	0.00086580281357231	0.000898818695428865	469
canarito94	0.000290989239584883	0.000400629804300308	0.00115562403697997	470
canarito71	0.000289033541714112	0.000189235247758882	0.00102722136620442	471
mactivos_margen_ratiomax3	0.000288410001130401	0.000508336793147577	0.00102722136620442	472
cliente_edad_avg6	0.000287961084400617	0.000406186504066083	0.000770416024653313	473
canarito165	0.000286982773004308	0.000100223066625618	0.00115562403697997	474
canarito86	0.000286637035826895	0.00153124948093413	0.00115562403697997	475
Visa_Fvencimiento_lag2	0.000285317841354296	0.000166521018891767	0.000770416024653313	476
Visa_Fvencimiento_lag4	0.00028339949224498	0.000231799118029515	0.00102722136620442	477
canarito145	0.000281448243735095	0.00039265095335458	0.00102722136620442	478
canarito113	0.000281075134434439	0.000321088759205065	0.00102722136620442	479
mtransferencias_recibidas_delta4	0.000280785218029091	0.000336694011853618	0.00115562403697997	480
canarito152	0.00028077785203495	0.00232165065328529	0.00115562403697997	481
canarito8	0.000278118102263087	0.000141422133445007	0.00102722136620442	482
canarito14	0.000277946173895687	0.000196299230457074	0.000898818695428865	483
canarito93	0.000275472357059768	0.000205785364335219	0.00102722136620442	484
canarito153	0.000275073890991895	0.000109949165945739	0.00102722136620442	485
canarito10	0.000274079462310822	0.000133300803018105	0.000898818695428865	486
canarito6	0.00027331091484434	0.000429785605500488	0.00102722136620442	487
mtransferencias_recibidas_lag3	0.000273013889753936	0.00268539326980173	0.00102722136620442	488
canarito196	0.000270709853797699	0.00169146390805394	0.00102722136620442	489
mv_fultimo_cierre_ratiomax3	0.000270368470011838	0.000228214634239987	0.000898818695428865	490
canarito128	0.000269812134388645	0.000185238323365956	0.00115562403697997	491
canarito88	0.000268921424913592	0.000189295239119376	0.00102722136620442	492
canarito74	0.000265290779810519	0.000209647308167033	0.000898818695428865	493
mrentabilidad_annual_delta2	0.000263585193325019	0.000652466036734885	0.000898818695428865	494
ctrx_quarter_normalizado_lag5	0.000261185670662634	0.000182231256421185	0.000642013353877761	495
canarito85	0.000259597842723196	0.000144084250066937	0.000898818695428865	496
canarito89	0.000255798594798793	0.000196299230457074	0.000770416024653313	497
canarito105	0.000255169497729699	0.000268918772335299	0.000770416024653313	498
canarito67	0.000253904143444638	0.000105059870065462	0.000642013353877761	499
thomebanking_ratioavg3	0.000253440822969513	0.000313192396380016	0.000513610683102209	500
mrentabilidad_ratioavg3	0.000253165926460451	0.000212414409669827	0.000898818695428865	501
mpayroll_delta5	0.000252624296399201	0.000711842485784016	0.000770416024653313	502
mvr_mpagominimo_lag4	0.000251406501178274	0.00114232549085025	0.000770416024653313	503
canarito47	0.000249804603299877	0.00012178246180322	0.000770416024653313	504
mvr_mpagominimo_delta4	0.000249354231730616	2.29166997087832e-05	0.000513610683102209	505
mpayroll_lag4	0.000247071171332846	0.000281711929960687	0.000385208012326656	506
canarito191	0.00024629143022572	0.000183566064192181	0.000898818695428865	507
canarito168	0.000245892085134377	8.10558269477217e-05	0.000898818695428865	508
canarito146	0.000244412308929613	0.000284029096259775	0.000770416024653313	509
canarito55	0.000242744442565168	0.000305386020595709	0.000898818695428865	510
canarito7	0.000242371107945205	0.000314039774346997	0.000898818695428865	511
Visa_msaldopesos_delta4	0.000242153491220264	0.000202883282271312	0.000770416024653313	512
canarito57	0.000240843972960134	5.93239566086989e-05	0.000770416024653313	513
thomebanking_delta5	0.000237031109907966	0.000212436906430013	0.000513610683102209	514
canarito111	0.000236665678154073	0.00026934621077882	0.000770416024653313	515
canarito138	0.00023656553623977	8.58251401070103e-05	0.000770416024653313	516
canarito184	0.000236121800463191	0.00132810373646065	0.00102722136620442	517
mcuenta_corriente_delta4	0.000235460467433711	0.000104894893824103	0.000642013353877761	518
canarito127	0.000232267028019887	0.000109604215622898	0.000898818695428865	519
canarito174	0.000229723089590196	8.62375807104079e-05	0.000898818695428865	520
canarito136	0.000229464734578173	0.000317624258136525	0.000898818695428865	521
chomebanking_trx_delta4	0.000227684286448292	8.55926735850953e-05	0.000770416024653313	522
canarito156	0.00022553820628069	0.000219823342690861	0.000898818695428865	523
canarito159	0.000222635033768915	0.000179816604161293	0.000898818695428865	524
mvr_mpagominimo_delta5	0.000221292833082364	0.00131655539956552	0.000770416024653313	525
canarito137	0.000220933144189085	0.000141744587007664	0.000770416024653313	526
canarito186	0.000217865257700319	0.000200071187248146	0.000642013353877761	527
ctarjeta_visa_trx_lag4	0.000217124357747345	0.00112338321877421	0.000770416024653313	528
ctarjeta_visa_trx_delta4	0.000216550936800883	0.00026989363194333	0.000770416024653313	529
canarito114	0.000214644215280505	0.000139637390470305	0.000770416024653313	530
mcaja_ahorro_lag4	0.000209730059606963	6.84951358442492e-05	0.000642013353877761	531
canarito50	0.000208458343528624	0.000396212940383923	0.000770416024653313	532
mcuenta_debitos_automaticos_lag4	0.000208334762842933	0.000265139316624165	0.000642013353877761	533
Master_Fvencimiento_delta5	0.000208051825772668	0.00138746518766966	0.000642013353877761	534
mactivos_margen_lag4	0.000202327280002784	5.17500473463065e-05	0.000513610683102209	535
canarito115	0.000201803092715802	0.000130136258752036	0.000770416024653313	536
Visa_msaldopesos_lag5	0.000199867549796144	0.000209137381602832	0.000642013353877761	537
canarito23	0.000198669671689284	0.000139652388310428	0.000770416024653313	538
mcuentas_saldo_lag2	0.000198656447393156	0.000208432483117025	0.000770416024653313	539
mpagomiscuentas_delta5	0.000198125407339344	0.00364437016514159	0.000770416024653313	540
canarito3	0.000196736657352962	0.00121879947764023	0.000898818695428865	541
mrentabilidad_annual_tend6	0.000194091711894097	0.000219275921526351	0.000770416024653313	542
canarito38	0.000193805358871866	9.1291852832044e-05	0.000385208012326656	543
canarito41	0.000192254608476199	0.000308790530303755	0.000642013353877761	544
Master_fultimo_cierre_ratioavg3	0.000192132490975146	0.000110781546072596	0.000642013353877761	545
canarito158	0.000190767782002496	0.000147091317011709	0.000642013353877761	546
Visa_mpagominimo_lag5	0.000186284626001237	8.31030321245862e-05	0.000642013353877761	547
mcaja_ahorro_lag2	0.000186252853197204	0.000580348922500798	0.000642013353877761	548
mcaja_ahorro_dolares_tend6	0.000184856413146319	0.000202305865426555	0.000642013353877761	549
tcallcenter	0.000184142331754339	0.000444993415385767	0.000385208012326656	550
canarito63	0.000184089540275182	0.000137777658294985	0.000642013353877761	551
ccaja_ahorro_delta5	0.000181083349550787	0.000390993692020928	0.000642013353877761	552
canarito194	0.00017997912638756	0.000257017986197263	0.000770416024653313	553
canarito16	0.000179866071729751	0.000114013580619221	0.000642013353877761	554
canarito97	0.000179401399338783	0.000215376483094228	0.000642013353877761	555
Master_mfinanciacion_limite_lag5	0.000179111257614128	0.000157124872054363	0.000513610683102209	556
ctrx_quarter_normalizado_delta5	0.000174556219190437	0.00018436844863879	0.000513610683102209	557
mpayroll_sobre_edad_lag5	0.000174076219523142	0.000161864189533405	0.000513610683102209	558
canarito198	0.000170917173293441	3.26203022687195e-05	0.000513610683102209	559
mrentabilidad_annual_tend3	0.000170186298658776	0.000109754194024133	0.000513610683102209	560
canarito99	0.000169972184119116	0.000184053493996196	0.000642013353877761	561
canarito193	0.000162379880378678	0.000320503843440247	0.000642013353877761	562
canarito124	0.000159088994537077	0.000151545675528403	0.000513610683102209	563
cproductos_lag5	0.000152724934157291	0.000357293545263313	0.000513610683102209	564
mv_msaldototal_delta5	0.000149039547589451	4.31937795558217e-05	0.000513610683102209	565
canarito19	0.000148732721109185	8.95146087774035e-05	0.000513610683102209	566
canarito79	0.000147684039155178	7.41118269705184e-05	0.000642013353877761	567
mcuenta_debitos_automaticos_lag5	0.000142769005849026	0.000106372181076273	0.000513610683102209	568
mtarjeta_visa_consumo_tend6	0.000138993277365885	1.71650280214021e-05	0.000256805341551104	569
canarito172	0.000129489723465167	6.98824360556775e-05	0.000513610683102209	570
canarito44	0.00012613547560901	0.000113811109777553	0.000513610683102209	571
mpagomiscuentas_lag5	0.000121491263592352	4.85180127996817e-05	0.000385208012326656	572
canarito65	0.000108515235960483	3.01606564884575e-05	0.000385208012326656	573
mtarjeta_visa_consumo_lag5	0.000101485476641925	3.27627817498932e-05	0.000385208012326656	574
mv_mpagominimo_lag5	9.66462132116819e-05	0.000136795299766892	0.000256805341551104	575
cliente_edad_delta5	9.56115344353588e-05	0.000123417226376686	0.000385208012326656	576
mv_msaldopesos_delta4	9.36292433228997e-05	1.34830582710707e-05	0.000256805341551104	577
thomebanking_lag5	7.68385904193418e-05	4.49410279302152e-05	0.000256805341551104	578
ccaja_ahorro_lag5	7.42545256809341e-05	0.000163213995144524	0.000256805341551104	579
Visa_Fvencimiento_delta5	5.06376658082392e-05	3.54923886523792e-05	0.000128402670775552	580
Visa_mfinanciacion_limite_delta5	4.26642636677595e-05	5.44421596484836e-05	0.000128402670775552	581
mv_status01_delta5	4.19663941390172e-05	3.81095117539385e-05	0.000128402670775552	582
mprestamos_personales_lag4	3.71507419467915e-05	2.22342979831617e-05	0.000128402670775552	583
mv_msaldopesos_lag5	3.71479351914711e-05	1.26056846238431e-05	0.000128402670775552	584
mv_msaldototal_lag5	3.68230386591126e-05	6.68153777504117e-06	0.000128402670775552	585
ccaja_seguridad_lag4	3.58943670533793e-05	9.78609068061586e-06	0.000128402670775552	586
ccaja_seguridad_lag5	3.06252889635064e-05	9.60611659913327e-06	0.000128402670775552	587
ccallcenter_trx_lag5	2.88144839249925e-05	0.000351031947011731	0.000128402670775552	588
Visa_Finiciomora_lag5	2.66575355779686e-05	1.62051662534949e-05	0.000128402670775552	589
