Feature	Gain	Cover	Frequency	pos
ctrx_quarter_normalizado	0.259191881260993	0.0138273130084947	0.00225988700564972	1
mtarjeta_visa_consumo	0.0223558967107516	0.00648471734315821	0.00206618240516546	2
mdescubierto_preacordado_tend6	0.0221525494877074	0.00741017417804479	0.00138821630347054	3
mcaja_ahorro	0.0212204756619773	0.00286493622054408	0.00174334140435835	4
mcuentas_saldo	0.0184913687009686	0.00477118234885846	0.00267958030669895	5
cpayroll_trx	0.0126295516296294	0.0050789876241447	0.00116222760290557	6
mv_status06_ratioavg3	0.0109543402625731	0.00241682213153641	0.000387409200968523	7
mcuentas_saldo_avg3	0.00855451682838702	0.00139381914104295	0.00103309120258273	8
mprestamos_personales_ratiomax6	0.00784142421476501	0.00398016701323508	0.00193704600484262	9
ctarjeta_visa_ratioavg6	0.0075226610160458	0.000853444406014304	9.68523002421307e-05	10
cproductos_ratioavg6	0.00676696961479493	0.00492788961442433	0.00184019370460048	11
ctarjeta_visa_trx_ratioavg6	0.00666071984062474	0.00355716202724474	0.00177562550443906	12
mprestamos_personales_ratioavg6	0.00585732562898426	0.00460673332491108	0.00187247780468119	13
foto_mes	0.00566568091487577	0.00594983221861827	0.00445520581113802	14
mpasivos_margen	0.00516890745514014	0.00278837726811322	0.00167877320419693	15
mpayroll_sobre_edad	0.00499432539810247	0.00358094095541289	0.00119451170298628	16
mtarjeta_visa_consumo_delta6	0.00466274044134421	0.00105428673231689	0.00129136400322841	17
mdescubierto_preacordado_delta4	0.00442265172014351	0.000573772211488952	0.000161420500403551	18
mprestamos_personales	0.00391466320212735	0.0059193414205321	0.00167877320419693	19
mpayroll	0.00382755716892225	0.00516328833495706	0.00106537530266344	20
cpayroll_trx_ratioavg6	0.00382724831544336	0.00456295016228262	0.000903954802259887	21
mprestamos_personales_ratiomax3	0.00375803233488187	0.00700676053273442	0.00235673930589185	22
mcomisiones_mantenimiento_delta6	0.00357094892852288	0.00412952430031331	0.00245359160613398	23
mdescubierto_preacordado	0.00334925270397093	0.00237256977143028	0.000936238902340597	24
mv_status04_delta3	0.00330287256227908	0.00358960703282539	0.000774818401937046	25
mpasivos_margen_avg3	0.00319603931212643	0.000813628308059515	0.00145278450363196	26
mcuentas_saldo_ratioavg3	0.00287050607717198	0.00270528004883107	0.00338983050847458	27
mprestamos_personales_ratioavg3	0.00284429181663206	0.00491859246640436	0.000936238902340597	28
ccaja_ahorro	0.00283430640430858	0.00304220606556869	0.00148506860371267	29
mpayroll_ratiomax3	0.00279250598276658	0.00191514211249094	0.000903954802259887	30
mcuentas_saldo_ratioavg6	0.00269489565688149	0.00139073416762729	0.00297013720742534	31
mcuentas_saldo_delta4	0.00252432574875111	0.00132401194031571	0.00235673930589185	32
mdescubierto_preacordado_delta1	0.00249876074693728	0.00620798936280522	0.0012590799031477	33
mrentabilidad_annual_delta5	0.00234323894148979	0.00245969739704559	0.00326069410815174	34
mcuentas_saldo_ratiomax6	0.00220985796326266	0.00129606653854588	0.00242130750605327	35
mactivos_margen_delta5	0.00220660762431943	0.00185424497186459	0.00184019370460048	36
mactivos_margen_avg3	0.0021860013939166	0.00422831382923601	0.00216303470540759	37
mcaja_ahorro_dolares_delta1	0.00214713224990622	0.00773291635503254	0.00200161420500404	38
cproductos_ratiomax6	0.0021142507706045	0.00409339844052037	0.00100080710250202	39
mv_status01	0.00210364280180452	0.00401126307606744	0.000807102502017756	40
cliente_edad_avg3	0.00202257794890781	0.00254713469299615	0.00209846650524617	41
mcuentas_saldo_delta6	0.0019799061318039	0.00213353477044564	0.00209846650524617	42
mprestamos_personales_lag5	0.00197848052970171	8.1060902229073e-05	0.000161420500403551	43
mtarjeta_visa_consumo_delta5	0.00197719947135246	0.000145233041249536	0.000419693301049233	44
mcuenta_corriente_ratioavg6	0.00194684188494346	0.00224581607283865	0.00287328490718321	45
mcuentas_saldo_ratiomax3	0.00193437526896509	0.00413107030600222	0.0028410008071025	46
ctarjeta_visa_trx	0.00189384032663143	0.00453169691829525	0.00142050040355125	47
mcaja_ahorro_ratioavg6	0.00184988535710945	0.0029561622861268	0.0021953188054883	48
mcaja_ahorro_delta5	0.00184052147511653	0.000244001456285747	0.000548829701372074	49
ctrx_quarter_delta6	0.00183173283043357	0.00204280370820186	0.00225988700564972	50
cproductos_ratioavg3	0.0018063625754532	0.000410988838587296	0.000710250201775626	51
ctarjeta_master_trx_ratioavg6	0.00178768228364192	0.00273265068369075	0.00174334140435835	52
cliente_edad_lag6	0.00178553406147306	0.00199038731198433	0.0025181598062954	53
ctrx_quarter_delta1	0.00176859936166794	0.00125404755843345	0.00293785310734463	54
mactivos_margen	0.00176145909302124	0.00171961110163554	0.00161420500403551	55
mcuenta_corriente	0.00175781648772822	0.00364602333754003	0.00187247780468119	56
chomebanking_trx_lag5	0.00175744928806106	0.00195038118905109	0.00261501210653753	57
mcomisiones_mantenimiento	0.00173524507478753	0.0021366995074325	0.00135593220338983	58
mcuentas_saldo_delta3	0.00172292218660636	0.000863241249347983	0.00264729620661824	59
mv_mpagominimo	0.0015961117849512	0.00291184189238641	0.00135593220338983	60
cpayroll_trx_avg3	0.00158620322469224	0.00417854605277992	0.000774818401937046	61
mrentabilidad_annual_lag5	0.00158587110824985	0.00281523647772224	0.00267958030669895	62
mv_msaldototal	0.00153390365255807	0.000651436123979719	0.000451977401129944	63
ccomisiones_otras_avg3	0.00153225031263873	0.00773588637506617	0.00277643260694108	64
mv_mpagominimo_avg3	0.00153112344851418	0.00188354635434487	0.0012590799031477	65
mrentabilidad_annual	0.00152850525959814	0.00147741605563881	0.00138821630347054	66
mtarjeta_visa_debitos_automaticos_tend3	0.00150892817968223	0.00369303457881483	0.00161420500403551	67
Visa_cconsumos_avg3	0.00150667253804954	0.00292925146479523	0.0021953188054883	68
mrentabilidad_avg6	0.00149777249830527	0.00103091600595431	0.00180790960451977	69
mcuentas_saldo_delta5	0.00149464084867604	0.000351991947745496	0.00112994350282486	70
mactivos_margen_delta4	0.00149289401093393	0.000777181047994372	0.00242130750605327	71
Visa_Finiciomora	0.00148863537080491	0.00722864871189774	0.00129136400322841	72
canarito157	0.00148659437253161	0.00268941882809855	0.00309927360774818	73
chomebanking_trx_tend3	0.00147955865927881	0.00272312362890673	0.00193704600484262	74
ccomisiones_otras_ratioavg3	0.001470998351912	0.00247338623345651	0.00277643260694108	75
mprestamos_personales_delta3	0.0014697858411561	0.00507724455551517	0.00100080710250202	76
Visa_fechaalta_tend3	0.00146001305253836	0.00218890945675985	0.000968523002421307	77
mcaja_ahorro_dolares_ratioavg6	0.00145382132578438	0.00202541994165431	0.00206618240516546	78
mtransferencias_recibidas	0.00144207347412277	0.00233052967743136	0.00122679580306699	79
mactivos_margen_lag5	0.00144074901841667	0.00104777896330165	0.00216303470540759	80
mcaja_ahorro_ratioavg3	0.00143919503396847	0.00254240283643388	0.00245359160613398	81
canarito154	0.00142414443550543	0.00178746644085568	0.00297013720742534	82
mcomisiones_otras_ratioavg3	0.00141016302158188	0.00155033872761775	0.00280871670702179	83
mactivos_margen_ratioavg6	0.00139696161696038	0.00232337441589694	0.00293785310734463	84
mcuentas_saldo_delta2	0.00139607413153453	0.00175927001843531	0.00238902340597256	85
mcuentas_saldo_delta1	0.00138913738444407	0.0012169973796095	0.00242130750605327	86
ctrx_quarter_normalizado_ratiomax3	0.00138499746861723	0.000702749906124728	0.00193704600484262	87
mcaja_ahorro_avg3	0.00138084135561197	0.000916307484072077	0.00132364810330912	88
mcomisiones_ratiomax6	0.00137536618761374	0.00249159578756475	0.00232445520581114	89
ctrx_quarter_delta4	0.00137475272832573	0.00213053659856335	0.00267958030669895	90
mcomisiones_ratioavg6	0.00136622209798733	0.000807951018579749	0.00271186440677966	91
mcomisiones_mantenimiento_delta5	0.00136153665477827	0.0018443894788462	0.00138821630347054	92
ctarjeta_visa_tend6	0.00136068532050007	0.00173334451180684	0.000258272800645682	93
mrentabilidad_annual_delta4	0.00135374810459407	0.00301047893212887	0.00248587570621469	94
Master_mfinanciacion_limite	0.00134602762104627	0.00316459622761803	0.00242130750605327	95
chomebanking_trx_delta1	0.0013452976210842	0.00314502834681194	0.00196933010492333	96
mcuenta_corriente_ratiomax3	0.00134323556828057	0.000871269218190859	0.00203389830508475	97
mplazo_fijo_dolares_ratioavg3	0.00133589323713706	0.00601412165700815	0.00129136400322841	98
chomebanking_trx_delta3	0.00133491734075236	0.00126604259195	0.00187247780468119	99
ccaja_ahorro_avg3	0.00133364074365745	0.000544315993841042	0.000677966101694915	100
mpasivos_margen_lag5	0.00132598475964865	0.000572723555126367	0.00209846650524617	101
numero_de_cliente	0.00132497781830207	0.00119742715281603	0.00235673930589185	102
mcuentas_saldo_lag3	0.001315404304093	0.00133478471440293	0.00242130750605327	103
mdescubierto_preacordado_delta6	0.00131345657047496	0.00128151203278866	0.000419693301049233	104
mv_Finiciomora_avg3	0.00131140775077629	0.00368816665498404	0.000645682001614205	105
cproductos	0.00129365273241101	0.00220311206440882	0.00119451170298628	106
mcuenta_corriente_lag6	0.00129276139149636	0.00281422770314526	0.0021953188054883	107
mv_mpagominimo_delta2	0.00128979353199246	0.00193035584070428	0.00145278450363196	108
mv_msaldototal_avg3	0.00128795233399499	0.000801806877609704	0.000968523002421307	109
thomebanking_ratioavg3	0.00127687915527399	0.00160109181877695	0.0012590799031477	110
mrentabilidad_delta4	0.00127594586953426	0.000793898554123633	0.00196933010492333	111
mpasivos_margen_delta5	0.0012682591865288	0.000948358363771484	0.00142050040355125	112
canarito41	0.00126410687992444	0.00344527485073297	0.00297013720742534	113
mv_fechaalta_ratioavg3	0.00126174119549757	0.0020031213315282	0.00213075060532688	114
canarito95	0.00125936150587578	0.00214110527174779	0.0028410008071025	115
ccaja_seguridad	0.00125265460868758	0.00460386887430993	0.00100080710250202	116
canarito4	0.00123838241372569	0.00131052251283279	0.0028410008071025	117
mactivos_margen_tend6	0.00123735902427797	0.0024217510510393	0.00184019370460048	118
mv_status07_ratioavg3	0.00123367073016326	0.00373356151094829	0.000807102502017756	119
Visa_mfinanciacion_limite	0.00122767445627292	0.00339712580557483	0.00200161420500404	120
mrentabilidad_annual_lag1	0.00122255972190628	0.000958164591054716	0.00209846650524617	121
mcaja_ahorro_dolares_ratioavg3	0.00121603209189195	0.00129874096416858	0.00180790960451977	122
ccallcenter_trx_ratiomax3	0.00121428148169269	0.000218247206736627	0.000355125100887813	123
canarito189	0.00121178636422992	0.00218406499280295	0.00277643260694108	124
mactivos_margen_ratiomax6	0.00120150510149827	0.0050486845050496	0.00238902340597256	125
mrentabilidad_annual_delta1	0.00120055132965563	0.00417889560490078	0.0028410008071025	126
mpagomiscuentas	0.00119919110114423	0.00560012995456378	0.00106537530266344	127
mtarjeta_visa_debitos_automaticos_ratioavg3	0.00119887185617521	0.00104005831880665	0.0019047619047619	128
canarito198	0.00119179551694291	0.000887205510519805	0.0025181598062954	129
Master_fechaalta	0.00118754067146504	0.0016511903794548	0.00203389830508475	130
ctrx_quarter_normalizado_ratioavg3	0.00118264281891814	0.000626280101214623	0.00180790960451977	131
canarito49	0.00118055560961147	0.00156634305358096	0.00264729620661824	132
canarito50	0.00117968628331332	0.0041463755277237	0.0028410008071025	133
ctarjeta_visa_trx_tend6	0.00117864755024215	0.00128378529456796	0.00132364810330912	134
canarito147	0.00116912075465619	0.0012113271280919	0.00293785310734463	135
canarito204	0.0011613055135805	0.00235677189235725	0.00248587570621469	136
mactivos_margen_avg6	0.00116029713641292	0.00234936091819751	0.00129136400322841	137
canarito58	0.00115858626077783	0.00113669188531948	0.00255044390637611	138
mcuenta_corriente_avg3	0.00115852240917297	0.000851825674716354	0.00142050040355125	139
canarito206	0.00115304285120229	0.000671114266193057	0.00258272800645682	140
canarito53	0.00114948050279392	0.00114521485750129	0.00255044390637611	141
canarito87	0.00114547320523309	0.000805250787095777	0.00248587570621469	142
mpasivos_margen_lag6	0.001142490187752	0.0012655382046615	0.00248587570621469	143
canarito47	0.0011415927010587	0.00222100960219441	0.00267958030669895	144
mcomisiones_avg6	0.00114038161163243	0.00180036467951674	0.00203389830508475	145
mpasivos_margen_ratioavg3	0.00113979410130367	0.00202237485002425	0.00242130750605327	146
mv_fechaalta_tend3	0.00113709995147734	0.00219605298835733	0.000710250201775626	147
canarito74	0.00113620536762819	0.00131451772935512	0.00235673930589185	148
mcomisiones_mantenimiento_delta4	0.00113225288271033	0.000728065456032231	0.000871670702179177	149
canarito139	0.00113160464046926	0.00118640805005303	0.00274414850686037	150
mcuenta_corriente_delta1	0.00112405568191558	0.000360395274570505	0.00135593220338983	151
Visa_fechaalta_lag6	0.0011214159097299	0.00140519952586375	0.00184019370460048	152
canarito32	0.00111454945024208	0.00191958541260444	0.00238902340597256	153
canarito90	0.00111286968928414	0.00182096714076108	0.0025181598062954	154
canarito73	0.00110897816996833	0.00203415639868846	0.00232445520581114	155
canarito211	0.0011068645192568	0.00195882205167431	0.00271186440677966	156
mtarjeta_visa_consumo_delta4	0.00110543954641968	0.00156392434058359	0.00174334140435835	157
canarito111	0.00110435296570376	0.00327778308114293	0.00258272800645682	158
mcuenta_corriente_ratiomax6	0.00110078704928411	0.00146661512970292	0.00235673930589185	159
canarito168	0.00110019610019147	0.00121369892134151	0.00238902340597256	160
canarito117	0.00108925551467032	0.0026646358173282	0.00274414850686037	161
canarito37	0.00108892494188564	0.00156060946040387	0.00235673930589185	162
canarito167	0.00108447159696121	0.00087447618295071	0.00255044390637611	163
canarito11	0.00108029840397868	0.00165939195136442	0.00255044390637611	164
mcuenta_corriente_ratioavg3	0.00107953464485955	0.000752670171761068	0.00261501210653753	165
canarito122	0.00107353806155878	0.00134186021236614	0.00255044390637611	166
mrentabilidad_ratiomax6	0.00107231950646385	0.00357629120840921	0.00245359160613398	167
mactivos_margen_delta1	0.00106898154875688	0.00217518308455072	0.0021953188054883	168
canarito8	0.00106894831181149	0.000849925424931804	0.00264729620661824	169
mprestamos_personales_tend6	0.00106829178468219	0.000990116939283812	0.000484261501210654	170
ctrx_quarter_delta3	0.00106782063643109	0.00117075327621068	0.00232445520581114	171
mpasivos_margen_ratioavg6	0.00106736159278553	0.000861915766473575	0.00209846650524617	172
mcuenta_corriente_delta5	0.00106611907861893	0.000852510703033747	0.00167877320419693	173
canarito78	0.00106587222367677	0.00177560982059505	0.00255044390637611	174
mtransferencias_emitidas_avg3	0.00106530675511951	0.00209352864751239	0.00180790960451977	175
canarito67	0.00106451662822736	0.00179911192225137	0.00258272800645682	176
canarito131	0.00106375469397692	0.000761416012744774	0.00242130750605327	177
mrentabilidad_annual_ratiomax6	0.00106369802121596	0.000476732789157942	0.00122679580306699	178
mv_Finiciomora_lag1	0.00106304168495502	0.0042217403725739	0.00106537530266344	179
canarito42	0.00105285405268792	0.00229284139003779	0.00271186440677966	180
internet_tend6	0.00105184137850156	0.0067950469008743	0.00203389830508475	181
canarito123	0.00104932770973013	0.000909396205226048	0.00232445520581114	182
ctransferencias_emitidas_avg3	0.00104551548695169	0.00239670059770668	0.00132364810330912	183
mcuentas_saldo_lag4	0.00104490699233008	0.00194880468552613	0.0019047619047619	184
canarito33	0.00104380104904966	0.00111818204482553	0.00222760290556901	185
canarito163	0.00104311740947349	0.000663156676971831	0.00206618240516546	186
Visa_fechaalta_lag4	0.00103745241022032	0.000763175503286023	0.00174334140435835	187
canarito136	0.0010352280545502	0.00143326457299038	0.00245359160613398	188
mcaja_ahorro_lag3	0.00103393506692799	0.00310984088197433	0.00193704600484262	189
canarito205	0.0010312243808773	0.000806039038858257	0.0021953188054883	190
Visa_Fvencimiento_lag2	0.00102892836131566	0.000825250329581317	0.00184019370460048	191
canarito93	0.00102454935975087	0.00191200318136535	0.00248587570621469	192
canarito138	0.00102309048989279	0.000686330340393785	0.00235673930589185	193
canarito185	0.00102243469882085	0.00309154687232011	0.00238902340597256	194
mprestamos_personales_delta6	0.00102004918236119	0.000617745399095867	0.000774818401937046	195
canarito79	0.00101569564540432	0.00100129087721444	0.00258272800645682	196
canarito132	0.00101547168187205	0.00194510037143995	0.00261501210653753	197
ccomisiones_mantenimiento_ratioavg3	0.00101408592190964	0.00167805662702599	0.000968523002421307	198
canarito174	0.00101375113722669	0.00115720754503045	0.00255044390637611	199
mcaja_ahorro_ratiomax6	0.00101108727646084	0.000673342954211973	0.0015819209039548	200
canarito152	0.00100760720876846	0.00181695315633964	0.00258272800645682	201
canarito156	0.0010061638955962	0.00218968128661061	0.00261501210653753	202
mpasivos_margen_delta2	0.0010051503025784	0.000910571544907603	0.00180790960451977	203
canarito182	0.00100425218962274	0.00130022832017279	0.00216303470540759	204
Visa_mpagominimo	0.00100088178351002	0.00241336180013862	0.00138821630347054	205
canarito196	0.000999616215003478	0.00122694436613604	0.0025181598062954	206
mcomisiones_delta1	0.000997605800579153	0.00401629287302802	0.00209846650524617	207
canarito18	0.000996969000518101	0.000639389478740628	0.00216303470540759	208
canarito176	0.000991882124838818	0.00264479345599768	0.00242130750605327	209
canarito128	0.000990455079865771	0.000689255786667036	0.00235673930589185	210
canarito16	0.000990056635229648	0.000912136318495621	0.00222760290556901	211
canarito125	0.000988357868899993	0.000907094791598093	0.00242130750605327	212
canarito76	0.000987187845024894	0.00210577470167949	0.00248587570621469	213
canarito110	0.000984262061943421	0.00229432170807982	0.00242130750605327	214
mcomisiones_lag3	0.000982827668146573	0.000627826106903535	0.00206618240516546	215
canarito98	0.000981932141183136	0.00101835793546457	0.00242130750605327	216
canarito179	0.000981153180482129	0.000896085072784646	0.00232445520581114	217
mv_fechaalta_delta3	0.000978399383377132	0.000838197833977527	0.000548829701372074	218
canarito202	0.000975579309255146	0.00101769402103367	0.00229217110573043	219
canarito107	0.000975105648643683	0.00244247315764045	0.00209846650524617	220
canarito172	0.000971605254906257	0.00148284467045541	0.00222760290556901	221
cliente_antiguedad_lag3	0.000971188162352314	0.00170357393184889	0.00200161420500404	222
mrentabilidad_annual_lag3	0.000970509357150732	0.000995902144183442	0.00216303470540759	223
canarito102	0.000968199946776208	0.000798454461631776	0.00238902340597256	224
ccajas_consultas_tend3	0.000968067915476119	0.00910228092353951	0.00138821630347054	225
canarito27	0.00096677612306588	0.00170267776466655	0.00258272800645682	226
mcuenta_corriente_delta6	0.000966002531223107	0.000653120542924542	0.00148506860371267	227
canarito94	0.000965134692706014	0.00117534202754226	0.00235673930589185	228
canarito66	0.000964004443344273	0.00134980137967565	0.00232445520581114	229
canarito12	0.000962429585834308	0.000815561401667501	0.00225988700564972	230
canarito39	0.000961206923022334	0.000726320041415311	0.0021953188054883	231
canarito141	0.000960958235639408	0.000909705875561308	0.0019047619047619	232
canarito191	0.00096064905525601	0.00220880342981292	0.00232445520581114	233
canarito64	0.000955419972459932	0.00114968865545084	0.00255044390637611	234
mrentabilidad_annual_lag6	0.000954374915666483	0.000827209229050575	0.00206618240516546	235
canarito61	0.000953694038590079	0.000964677052044729	0.00209846650524617	236
mcomisiones_lag1	0.000952983474041038	0.000448838999110662	0.00184019370460048	237
cproductos_delta6	0.000952289789984402	0.00341483801035674	0.000968523002421307	238
canarito208	0.000951764087324009	0.000702027342009122	0.0021953188054883	239
Visa_msaldopesos_tend3	0.00095069054388367	0.00379504280243433	0.0019047619047619	240
canarito40	0.000948768869411548	0.00147804478025888	0.00229217110573043	241
chomebanking_trx_delta5	0.000946176254767887	0.0015312470822515	0.00167877320419693	242
ccallcenter_trx_avg3	0.00094496519288828	0.00275424080562558	0.00135593220338983	243
canarito89	0.000941841484009783	0.0010074326721971	0.00235673930589185	244
canarito52	0.000939780064126704	0.0015670796936209	0.00206618240516546	245
ctarjeta_visa_trx_ratiomax6	0.000938761363225957	0.00146731892591942	0.00161420500403551	246
canarito96	0.000938694207196167	0.00295307965869853	0.00238902340597256	247
canarito114	0.000937744689550933	0.000528792595292442	0.00200161420500404	248
canarito210	0.000936832240318157	0.00236563503271037	0.00238902340597256	249
canarito100	0.000936340311958972	0.000810996110209805	0.00225988700564972	250
canarito26	0.000936135704724668	0.00299538015729756	0.00222760290556901	251
canarito165	0.000933366665305291	0.000988101736117234	0.00216303470540759	252
canarito193	0.000932494873906921	0.00402346690246155	0.0025181598062954	253
ccallcenter_trx_delta4	0.000929495182207038	0.00106476625798057	0.000871670702179177	254
ctarjeta_visa_trx_ratioavg3	0.000928611000031142	0.00371214030010542	0.00145278450363196	255
canarito119	0.000923302503722277	0.000678856024574556	0.00229217110573043	256
canarito65	0.000921694943228356	0.00121648126238407	0.00229217110573043	257
canarito5	0.000920274061919713	0.00132688342887903	0.00242130750605327	258
ccaja_ahorro_ratioavg3	0.000919545029224221	0.00705944906348899	0.00103309120258273	259
canarito10	0.000914525028885952	0.00116704661613712	0.00209846650524617	260
mactivos_margen_lag2	0.000911168704733262	0.00219059152971729	0.00151735270379338	261
canarito1	0.000908635371036773	0.00148474961221474	0.00213075060532688	262
canarito60	0.00090844498101533	0.00118237764371987	0.00225988700564972	263
mcaja_ahorro_ratiomax3	0.000907952847688063	0.000799852670115223	0.00161420500403551	264
canarito38	0.000907631574187793	0.00331409661992694	0.00232445520581114	265
mcuenta_corriente_avg6	0.000906877834744069	0.000357690351111757	0.00142050040355125	266
canarito149	0.000906176945994055	0.000790184856087902	0.00222760290556901	267
mv_msaldopesos	0.000904554757045578	0.000134296048045127	0.000419693301049233	268
canarito30	0.000902391971959727	0.0012514036306468	0.00213075060532688	269
canarito187	0.000901443510748713	0.00251875059158471	0.00248587570621469	270
cliente_antiguedad_ratioavg6	0.000900228978250313	0.000773296092879292	0.00154963680387409	271
canarito44	0.000898302526585785	0.000798515457303873	0.00213075060532688	272
mcuentas_saldo_tend6	0.000895613232283608	0.000503301096330814	0.00119451170298628	273
canarito72	0.000894459310022201	0.000864979626002737	0.00200161420500404	274
canarito92	0.000892127118424445	0.000604363887032815	0.00229217110573043	275
Visa_fechaalta	0.000890152371840864	0.00161898935656254	0.00145278450363196	276
canarito143	0.000888442805912657	0.00083022851481936	0.00225988700564972	277
mtransferencias_recibidas_avg3	0.000888121733202777	0.0032881265395381	0.00142050040355125	278
Visa_fechaalta_delta3	0.00088659519855019	0.000177886839707744	0.000258272800645682	279
chomebanking_trx_ratioavg3	0.000885060091009635	0.00100143632843252	0.00209846650524617	280
canarito170	0.000885039941472142	0.00140519717987636	0.00245359160613398	281
canarito82	0.000884517353151628	0.00324490875987022	0.00213075060532688	282
canarito51	0.000884090650466776	0.00118443742064683	0.00193704600484262	283
canarito105	0.000883591840141028	0.000824551225339594	0.00209846650524617	284
mv_Fvencimiento_lag1	0.000883106159522327	0.00121748299899889	0.00177562550443906	285
mcuenta_corriente_delta3	0.000883090996845228	0.00322033923395221	0.00171105730427764	286
Visa_Fvencimiento	0.000881126195783004	0.00136934814659524	0.00187247780468119	287
mcomisiones_mantenimiento_delta3	0.000880475793674444	0.000809375032924467	0.000936238902340597	288
mv_Fvencimiento_ratioavg3	0.000879446293566803	0.00110369322671518	0.00187247780468119	289
canarito159	0.000878636850586988	0.000704600890174123	0.00232445520581114	290
canarito91	0.000878065516809297	0.000553068872786913	0.00193704600484262	291
canarito180	0.000876255024858338	0.00171009812277585	0.00232445520581114	292
canarito68	0.000875992845092356	0.000919507410869763	0.00177562550443906	293
canarito164	0.000875919613782487	0.00102381939410461	0.00203389830508475	294
Visa_mpagospesos_delta3	0.000875773673374426	0.000409933144262546	0.00167877320419693	295
canarito81	0.000875404550140556	0.00212320538797481	0.00200161420500404	296
mv_fultimo_cierre_avg3	0.000875387849288967	0.00270981015047794	0.00184019370460048	297
mcuenta_corriente_delta2	0.000875191014131026	0.00158042132389835	0.00177562550443906	298
mpayroll_lag3	0.000875138219052861	0.0014648509471869	0.000742534301856336	299
canarito29	0.00087447076177209	0.00115584218037044	0.00213075060532688	300
Visa_msaldopesos	0.000873412699296867	0.001251000120816	0.0012590799031477	301
ctarjeta_visa_debitos_automaticos_tend3	0.000872601010806847	0.0026658416548458	0.000807102502017756	302
ctarjeta_visa_trx_delta6	0.000872590807051817	0.000478569697283007	0.00106537530266344	303
mcuenta_debitos_automaticos	0.00087256673335469	0.00241705203830047	0.00103309120258273	304
canarito85	0.000871449452075482	0.000961052501529754	0.00196933010492333	305
mrentabilidad_annual_delta6	0.000868681220778673	0.00105145747152656	0.00154963680387409	306
canarito46	0.000868543632363041	0.000798123677410021	0.0021953188054883	307
canarito22	0.000868112280035984	0.00100937280376725	0.0021953188054883	308
canarito34	0.000867723750894047	0.00175389770731603	0.0021953188054883	309
mactivos_margen_lag6	0.000867257641724515	0.000737744999996493	0.00184019370460048	310
canarito213	0.000866884835592805	0.000713543794098449	0.00209846650524617	311
canarito36	0.000866370828123987	0.000691540778383273	0.00206618240516546	312
canarito161	0.000865101891352143	0.00296924820377892	0.00238902340597256	313
Master_fechaalta_lag6	0.000864736734838159	0.000766985386804676	0.0015819209039548	314
canarito57	0.0008642124515491	0.00475482143281222	0.00232445520581114	315
canarito59	0.000863897079301867	0.00234149716847181	0.00242130750605327	316
canarito88	0.000863336739646578	0.00101927287054602	0.00225988700564972	317
canarito71	0.000861779228702939	0.00169087510211585	0.00196933010492333	318
canarito166	0.000859489567068447	0.000483442313088575	0.00200161420500404	319
canarito192	0.000857260051163663	0.000834409064345369	0.00209846650524617	320
canarito142	0.000851544278313716	0.000769197652911874	0.00187247780468119	321
canarito21	0.00085122121049413	0.000776291918774194	0.00196933010492333	322
canarito195	0.000850967875166187	0.00101828520985553	0.00222760290556901	323
ccomisiones_mantenimiento_delta3	0.00084905400410313	0.000819094458674331	0.000548829701372074	324
canarito101	0.000848949079766685	0.000493358801779059	0.00193704600484262	325
canarito188	0.000848129329633928	0.00121785366500625	0.00171105730427764	326
canarito137	0.000848059741794918	0.00108360453670889	0.00248587570621469	327
cproductos_avg6	0.000847058514488487	0.00112370215315027	0.00122679580306699	328
canarito199	0.000846341358583679	0.000930695424724724	0.00222760290556901	329
mtransferencias_recibidas_delta5	0.000846208749978583	0.00103812991717344	0.00129136400322841	330
ctrx_quarter_lag4	0.0008441361479769	0.0019509019982513	0.00174334140435835	331
canarito13	0.000843398533385288	0.000798832165601298	0.00184019370460048	332
mtransferencias_recibidas_ratioavg3	0.000841206335510141	0.000678607349911392	0.00180790960451977	333
canarito120	0.000840052057361476	0.00214899951930953	0.00209846650524617	334
canarito130	0.000839495881822086	0.00124255222023062	0.00206618240516546	335
canarito54	0.000837306668386664	0.00073606058105167	0.00209846650524617	336
canarito31	0.000837014088590213	0.000735225409541423	0.00222760290556901	337
canarito28	0.000836676183431401	0.000552599675309246	0.00184019370460048	338
canarito155	0.000836651602405631	0.00272798686076275	0.00193704600484262	339
cliente_edad_lag3	0.000835999285346858	0.00106766120641777	0.00112994350282486	340
Master_Fvencimiento	0.000835879551609512	0.00117317902717022	0.00132364810330912	341
canarito162	0.00083519980042148	0.000567477927326054	0.00209846650524617	342
mcaja_ahorro_avg6	0.000834706320571408	0.00115344692724695	0.00135593220338983	343
canarito86	0.000832948989246787	0.0018511459225246	0.00209846650524617	344
chomebanking_trx_lag6	0.000828824394066082	0.000571538831495259	0.00135593220338983	345
canarito140	0.000827050565813531	0.000989272383824012	0.00213075060532688	346
canarito148	0.00082395434328546	0.00119629638689485	0.00203389830508475	347
canarito106	0.000821123052056689	0.00120450030479185	0.00184019370460048	348
canarito146	0.000820874244042866	0.00171848737367653	0.00177562550443906	349
canarito3	0.000819925930095544	0.0013030012772658	0.00187247780468119	350
canarito116	0.000817851871645499	0.000666269802236149	0.00232445520581114	351
mactivos_margen_lag3	0.000817168506752673	0.00356623865245021	0.00180790960451977	352
canarito124	0.000812194332186104	0.000736267027941843	0.00222760290556901	353
canarito45	0.000810489464074129	0.000592922506539915	0.00213075060532688	354
Visa_mpagado_ratioavg3	0.000810088418823863	0.00161857411679481	0.0012590799031477	355
cpayroll_trx_ratioavg3	0.000809624779846108	0.00300890008261653	0.000774818401937046	356
canarito169	0.000809229978811397	0.00269096248780007	0.00229217110573043	357
canarito99	0.000807152114743768	0.000361178834358208	0.00174334140435835	358
canarito207	0.000805443408375978	0.00042581782486895	0.00206618240516546	359
mtarjeta_visa_consumo_delta3	0.000803510617583924	0.00276496431397765	0.00132364810330912	360
canarito184	0.000802741006038539	0.00182252018441216	0.00193704600484262	361
canarito6	0.000801647153263935	0.000438176486430688	0.00184019370460048	362
canarito77	0.000801219267377979	0.00130774720975239	0.00209846650524617	363
canarito145	0.000800283604008493	0.00134398333095259	0.00203389830508475	364
Master_Fvencimiento_lag2	0.00079972578820223	0.000616736624518884	0.00151735270379338	365
mcuenta_corriente_lag3	0.000797930267798897	0.00155162902068134	0.00174334140435835	366
canarito171	0.000796612041033652	0.001149737921186	0.0019047619047619	367
canarito194	0.000796538468980666	0.00219850454517813	0.0021953188054883	368
mactivos_margen_delta6	0.000794119704086949	0.000580927473023368	0.0015819209039548	369
canarito20	0.000790948459585175	0.00203033009325809	0.0019047619047619	370
canarito197	0.000788964723649814	0.000717386521440538	0.00200161420500404	371
internet_ratioavg6	0.000787649809534332	0.00233453427790324	0.00167877320419693	372
canarito48	0.000787336923536886	0.000423206740905735	0.0019047619047619	373
mcuentas_saldo_tend3	0.00078575621647284	0.000304466935232644	0.0012590799031477	374
canarito183	0.00078411615639641	0.000481947919122207	0.00187247780468119	375
canarito56	0.000782451835671072	0.00153678361248796	0.00216303470540759	376
canarito23	0.00077923546946949	0.00087496884030226	0.00193704600484262	377
mrentabilidad_delta3	0.000778493421039648	0.00069758169590823	0.00161420500403551	378
canarito83	0.000777545733746337	0.000664022346318126	0.00187247780468119	379
mtransferencias_emitidas_tend3	0.000776959310662287	0.00138102881780175	0.00106537530266344	380
canarito200	0.00077665731982813	0.000768948978248711	0.00196933010492333	381
mcomisiones_mantenimiento_ratioavg3	0.000775731537747964	0.00133516945633462	0.00122679580306699	382
mvr_Visa_mlimitecompra_avg3	0.000769495366341611	0.00248560178978756	0.00187247780468119	383
canarito150	0.000768784689517059	0.00090267964333325	0.00196933010492333	384
mrentabilidad_annual_delta3	0.000768259896810511	0.000648182239472101	0.00174334140435835	385
cliente_edad_lag5	0.00076808818029526	0.000717585930368547	0.000903954802259887	386
mcomisiones_delta3	0.000767249925852893	0.000655536909934525	0.00187247780468119	387
canarito17	0.000765909454175808	0.000742467472609207	0.00187247780468119	388
mcaja_ahorro_delta2	0.000765697886904294	0.000708462385415319	0.00122679580306699	389
Master_fultimo_cierre_avg3	0.000764028617440015	0.000862469419497221	0.00180790960451977	390
Visa_Fvencimiento_lag5	0.00076342966362571	0.000464090263122215	0.00184019370460048	391
cliente_edad_lag4	0.000763198178678687	0.00038729671195252	0.00106537530266344	392
canarito69	0.00076128745420208	0.000938355073547631	0.00184019370460048	393
mcomisiones_tend6	0.000759686769408182	0.00121091423431156	0.00167877320419693	394
canarito14	0.000759095983245585	0.000691918482352794	0.00206618240516546	395
mvr_mpagominimo	0.000758840150831964	0.00195273890637636	0.000936238902340597	396
canarito121	0.000757090415598372	0.0013213187467939	0.00193704600484262	397
canarito112	0.000755369923304729	0.000447414984765944	0.00180790960451977	398
canarito126	0.000754087521043731	0.000887989070307508	0.00200161420500404	399
canarito97	0.000752422200283035	0.000851093726651194	0.00187247780468119	400
ctrx_quarter_ratioavg3	0.00075068961265312	0.000234547127110765	0.00109765940274415	401
canarito84	0.000749816852552093	0.000805858397829356	0.00187247780468119	402
mtarjeta_visa_consumo_ratioavg6	0.000749304156879004	0.000464048035349225	0.000839386602098467	403
mrentabilidad_annual_ratioavg3	0.000748652618176732	0.000608685195802125	0.0015819209039548	404
canarito75	0.000748128339848684	0.00282580984288146	0.00203389830508475	405
mcuenta_corriente_lag5	0.000747936627326173	0.00126488132819277	0.00138821630347054	406
ccaja_ahorro_delta6	0.000745082901622723	0.000612133797262975	0.000387409200968523	407
canarito209	0.000742903349625506	0.00177032900298391	0.00203389830508475	408
mactivos_margen_delta3	0.000742517273834019	0.00102479532485815	0.00151735270379338	409
canarito35	0.00074131270539549	0.00362158049494098	0.00203389830508475	410
canarito2	0.000740626668345522	0.00245330458141238	0.00222760290556901	411
mv_mpagospesos_ratioavg3	0.000739255846248078	0.000501867698036543	0.00171105730427764	412
canarito43	0.000737837072585757	0.000759778513547717	0.00206618240516546	413
Master_fechaalta_lag4	0.000736243050690625	0.000426957974739679	0.00106537530266344	414
Visa_fultimo_cierre_avg3	0.000735406825823934	0.000824776440128873	0.00138821630347054	415
canarito25	0.000733659408165757	0.0010947010570557	0.00196933010492333	416
thomebanking	0.000731887989658982	0.00374836703735606	0.000903954802259887	417
canarito7	0.000730695670739721	0.000737477557434223	0.00177562550443906	418
canarito177	0.000730629327140745	0.0019632465838887	0.00193704600484262	419
ctrx_quarter_lag6	0.000730550155673069	0.00141757226334982	0.00138821630347054	420
canarito63	0.000727930663838901	0.0020994593036301	0.00206618240516546	421
mtransferencias_recibidas_lag3	0.000727736260359627	0.00343027929934675	0.00145278450363196	422
mrentabilidad_tend6	0.000727401351390302	0.000705518171242961	0.00164648910411622	423
canarito160	0.000726250393985681	0.000720194668344373	0.00193704600484262	424
canarito175	0.000725208844888055	0.000448874188921487	0.00174334140435835	425
canarito134	0.000724549595991503	0.000591796432593515	0.00196933010492333	426
canarito113	0.000724029405797555	0.000737299262392709	0.00180790960451977	427
canarito103	0.000722485123520076	0.000587282752858362	0.00206618240516546	428
mrentabilidad_annual_ratioavg6	0.000722108247009463	0.000840482825693763	0.00167877320419693	429
mcomisiones_avg3	0.000721517832922684	0.00304594791545308	0.00151735270379338	430
mtarjeta_visa_debitos_automaticos_ratiomax3	0.000715714671082139	0.00399846571486408	0.00129136400322841	431
mautoservicio_ratiomax6	0.000715509256508584	0.00417822465250771	0.00138821630347054	432
canarito118	0.000714428436570761	0.000545336498354967	0.00180790960451977	433
mrentabilidad_lag3	0.000713874580173421	0.00126520038247758	0.00171105730427764	434
internet_avg6	0.000708633508441701	0.000806785062847747	0.00171105730427764	435
ccallcenter_trx_ratioavg3	0.0007077217514005	0.000695287320242441	0.000710250201775626	436
canarito115	0.000707101271498725	0.000808232537066349	0.00187247780468119	437
mpasivos_margen_lag1	0.000707068018103663	0.000860637203346933	0.00171105730427764	438
canarito158	0.000705963210894744	0.000566703751487904	0.00180790960451977	439
canarito127	0.00070393325896501	0.000446722918486386	0.00164648910411622	440
cproductos_avg3	0.000703107122966781	0.000738803040308631	0.000936238902340597	441
canarito190	0.00070146635346579	0.0009526984404399	0.00209846650524617	442
canarito201	0.00069812205976457	0.0010848877918103	0.0019047619047619	443
canarito62	0.00069797520835824	0.000454736811404931	0.00167877320419693	444
mrentabilidad_annual_lag4	0.000697068937411795	0.000905562861833512	0.00174334140435835	445
mvr_mpagominimo_lag6	0.000695684538594109	0.000783470640182493	0.00129136400322841	446
Visa_mfinanciacion_limite_ratioavg3	0.00069530447006463	0.00579730315659101	0.000936238902340597	447
canarito153	0.000695246092804761	0.00089213912199747	0.00174334140435835	448
canarito173	0.000694458828154798	0.000528037187353399	0.00161420500403551	449
canarito19	0.000690265789039759	0.000832560426283363	0.00151735270379338	450
Visa_Fvencimiento_lag6	0.000688394475356077	0.000464120760958264	0.00145278450363196	451
chomebanking_trx_delta6	0.000685328922058594	0.000562340214945605	0.00151735270379338	452
cliente_edad	0.000685088885373175	0.00114880656419283	0.00109765940274415	453
canarito70	0.000684889573104153	0.000414322486666117	0.00184019370460048	454
mcuenta_debitos_automaticos_delta6	0.0006839691141887	0.000960050764914936	0.000807102502017756	455
cmobile_app_trx_avg3	0.000683752308089659	0.000566293203694946	0.00116222760290557	456
ctransferencias_recibidas_avg3	0.000682022939111406	0.00227585174937148	0.00132364810330912	457
ctarjeta_debito_avg6	0.000681185404537833	0.00149392476889051	0.00148506860371267	458
mv_cconsumos_delta3	0.000680827716956336	0.0011809442454256	0.00103309120258273	459
Master_Fvencimiento_lag6	0.000678743985840534	0.000864158530416821	0.00164648910411622	460
mcaja_ahorro_delta4	0.000677681281425728	0.000442535330998211	0.00109765940274415	461
mcuenta_debitos_automaticos_ratiomax3	0.000675942395923009	0.00270337276108436	0.00106537530266344	462
mvr_mpagominimo_lag4	0.000673572659133538	0.00292623687100122	0.00129136400322841	463
ccallcenter_trx	0.000672857860231127	0.00150414623594147	0.000548829701372074	464
mpasivos_margen_delta3	0.000672562278500861	0.000465594041038137	0.0012590799031477	465
mrentabilidad_annual_delta2	0.000672055704715241	0.000416898380818507	0.00148506860371267	466
canarito203	0.000668514515540632	0.000702095375643383	0.00180790960451977	467
mactivos_margen_delta2	0.000668083466357453	0.00110115252237362	0.0015819209039548	468
canarito109	0.000666134597190126	0.00045447171483005	0.00174334140435835	469
canarito133	0.000666122180563122	0.00062040105681946	0.00177562550443906	470
ctrx_quarter_delta5	0.00066564266517546	0.000616518447691769	0.00135593220338983	471
canarito108	0.000664424542994003	0.000323537466712404	0.00161420500403551	472
mcuentas_saldo_lag6	0.000661972124952186	0.00256962332810071	0.00129136400322841	473
canarito104	0.000660420713179809	0.000639968937625547	0.00171105730427764	474
mrentabilidad_ratioavg3	0.000658547478801586	0.000665641077616075	0.00171105730427764	475
canarito129	0.000656603599627923	0.000322470042450712	0.00148506860371267	476
canarito15	0.000655009937797741	0.00049691766464716	0.00148506860371267	477
mcuentas_saldo_lag5	0.000654838729655557	0.00241305916776553	0.00151735270379338	478
Master_fechaalta_lag5	0.000654579063555474	0.000332409991015079	0.00129136400322841	479
mpasivos_margen_lag4	0.000653365655117704	0.000549331714877298	0.00167877320419693	480
mcomisiones_mantenimiento_lag6	0.000651990958470735	0.000374853594844802	0.000968523002421307	481
ccallcenter_trx_delta6	0.00065145001924029	0.00161239947798872	0.000613397901533495	482
mcaja_ahorro_delta6	0.000650633667922222	0.000270797324235288	0.000968523002421307	483
Visa_mpagominimo_delta6	0.000648419628282648	0.000589717887767452	0.00119451170298628	484
mpasivos_margen_ratiomax6	0.000648022558629866	0.000315256131231588	0.00135593220338983	485
mcomisiones_mantenimiento_lag3	0.000645891315651418	0.00199129990107839	0.00106537530266344	486
mpasivos_margen_delta6	0.000644149818045899	0.000694067406800507	0.00132364810330912	487
mv_fultimo_cierre_ratiomax3	0.000640860580077187	0.000773913087562424	0.00148506860371267	488
mvr_mpagominimo_lag5	0.000640371948179203	0.00170759730021988	0.00122679580306699	489
mrentabilidad_ratioavg6	0.000639545653428625	0.000440588161465895	0.00167877320419693	490
canarito212	0.000637863082449657	0.000315347624739733	0.00171105730427764	491
mpayroll_ratioavg6	0.000636244764134118	0.0028198698028142	0.000839386602098467	492
mcuenta_corriente_tend6	0.000635961954657008	0.000498426134537858	0.00103309120258273	493
canarito55	0.000634316102730886	0.000681654787528837	0.00174334140435835	494
canarito151	0.000632196264333216	0.000756332258074256	0.00167877320419693	495
Visa_mpagospesos_lag3	0.000630791484377159	0.000570886647001302	0.00151735270379338	496
Visa_mfinanciacion_limite_lag6	0.000630087863415659	0.00040213039020895	0.0012590799031477	497
mvr_mpagominimo_lag1	0.000627535091695085	0.000473647815742284	0.000936238902340597	498
mprestamos_hipotecarios_avg6	0.000625630630886418	0.00884368038773616	0.00103309120258273	499
mcaja_ahorro_lag6	0.00062302378362465	0.000925958876187679	0.00138821630347054	500
mpayroll_avg3	0.000614392494113663	0.000922522004663771	0.000419693301049233	501
ctrx_quarter	0.00061119219362372	0.00130549975383437	0.000968523002421307	502
mcuentas_saldo_avg6	0.00060994490970623	0.00370062384801609	0.00132364810330912	503
mvr_mpagominimo_delta1	0.00060832610651715	0.00167145971049	0.000839386602098467	504
ccaja_ahorro_avg6	0.000607618654871905	0.000700218585732717	0.000581113801452785	505
Master_Fvencimiento_lag1	0.000606860596737626	0.000411049834259393	0.00109765940274415	506
ctarjeta_visa_trx_delta5	0.00060264084545097	0.00103589184520497	0.000807102502017756	507
Visa_mpagominimo_delta4	0.000595736047270799	0.0011701057836915	0.00109765940274415	508
canarito135	0.000595223940913585	0.000676294206346496	0.00164648910411622	509
canarito181	0.00059502278706509	0.000994494551750442	0.00161420500403551	510
ctarjeta_debito_ratioavg6	0.000593616041765393	0.007123431177531	0.00116222760290557	511
mvr_mconsumospesos_delta3	0.000592905739105507	0.000658994895344928	0.0012590799031477	512
canarito186	0.000587057431543416	0.000319363955148559	0.0015819209039548	513
mvr_mpagominimo_delta4	0.000584624992275874	0.000972348430804578	0.000807102502017756	514
canarito178	0.000584103600733967	0.000570584014628207	0.00167877320419693	515
mv_mpagominimo_delta1	0.000580501684085844	0.00153989673775228	0.000871670702179177	516
mcomisiones_mantenimiento_ratiomax3	0.000579015323438547	0.00208886482458439	0.000581113801452785	517
mtransferencias_recibidas_delta6	0.000576257619929113	0.00272977215716527	0.00109765940274415	518
Master_mfinanciacion_limite_lag6	0.000570832181887624	0.000380720909303023	0.00106537530266344	519
mv_Finiciomora_ratioavg3	0.000570543750279617	0.000474407915656104	0.000225988700564972	520
Visa_Fvencimiento_lag4	0.000551153022122264	0.00105062933797848	0.00138821630347054	521
mtransferencias_recibidas_lag6	0.000550767759414357	0.00071349922033807	0.00116222760290557	522
mprestamos_personales_delta1	0.000550128551174163	0.00489878294889728	0.00100080710250202	523
chomebanking_trx_lag3	0.000545883756704404	0.00138491377291683	0.00122679580306699	524
chomebanking_trx_avg3	0.000545745424920453	0.000519277270445363	0.00109765940274415	525
Visa_mfinanciacion_limite_lag3	0.000542903276910951	0.000729548120061657	0.00103309120258273	526
Visa_fechaalta_lag5	0.0005415146528786	0.000660625356579819	0.000903954802259887	527
Master_mfinanciacion_limite_lag4	0.00053825781892766	0.00048402646394827	0.00116222760290557	528
mv_mpagominimo_delta6	0.000534939471574635	0.000635215967176784	0.000774818401937046	529
Visa_Fvencimiento_lag3	0.000532267488850603	0.000435492676858435	0.00116222760290557	530
mtarjeta_visa_consumo_ratiomax6	0.000531030378008207	0.00107333849589754	0.000742534301856336	531
ccaja_ahorro_delta4	0.000527373627828643	0.00341631129043661	0.000516545601291364	532
Master_Fvencimiento_lag4	0.000523959348102011	0.00029892805900879	0.00109765940274415	533
mpayroll_sobre_edad_delta3	0.000521513465278205	0.00340317141507456	0.000839386602098467	534
Visa_mfinanciacion_limite_lag5	0.000520400251505737	0.00133914355897046	0.00119451170298628	535
mtransferencias_recibidas_lag4	0.000519995240057797	0.000588505012287684	0.00106537530266344	536
Visa_fechaalta_delta5	0.000519308927280064	0.000709072342136286	0.000516545601291364	537
canarito9	0.000515754931125223	0.000393260211893663	0.00145278450363196	538
canarito144	0.000515105698248604	0.000383904414188991	0.00145278450363196	539
Visa_mpagominimo_lag4	0.000507909679327868	0.00043849788670289	0.000903954802259887	540
Visa_msaldopesos_delta6	0.000506367873117047	0.000340165825320909	0.00109765940274415	541
Visa_msaldopesos_lag6	0.000501003793380777	0.00024850106009657	0.00112994350282486	542
ctrx_quarter_lag5	0.000497242601910568	0.00037793856826046	0.000968523002421307	543
mactivos_margen_ratiomax3	0.000495757490915811	0.00313021578244201	0.00119451170298628	544
Master_mfinanciacion_limite_ratioavg3	0.000495462324343826	0.00389673666374379	0.000677966101694915	545
mv_msaldopesos_delta6	0.000494188925273217	0.00224615858699734	0.000839386602098467	546
mcaja_ahorro_lag5	0.00049389282603118	0.000307605866358234	0.000968523002421307	547
ccomisiones_mantenimiento_avg3	0.000492748184776772	0.00206419207522129	0.000742534301856336	548
mrentabilidad_annual_avg3	0.000487756954515781	0.000911707002803556	0.00103309120258273	549
Master_Fvencimiento_ratioavg3	0.000478841762799752	0.000532177855093806	0.00116222760290557	550
canarito24	0.000474613275172873	0.0002822363587408	0.00119451170298628	551
cliente_edad_lag1	0.00047178591854797	0.000755264833812564	0.000645682001614205	552
mpayroll_delta4	0.000461246001240251	0.00010618642715812	0.000355125100887813	553
canarito80	0.000456912190046101	0.000349014889749701	0.00138821630347054	554
Master_fechaalta_delta5	0.000448387533548161	0.000137526472678862	0.000355125100887813	555
mpayroll_sobre_edad_delta5	0.000437575253346791	0.00297077309558134	0.000613397901533495	556
ctarjeta_visa_trx_lag6	0.000435120825312235	0.000249526256585272	0.000839386602098467	557
ccomisiones_mantenimiento_delta1	0.000434710255965434	0.00436158937276722	0.000774818401937046	558
Visa_msaldopesos_delta5	0.000433524997870236	0.000351384337011917	0.000903954802259887	559
ctarjeta_visa_trx_lag5	0.000426262166404438	0.000512748387543632	0.000807102502017756	560
mtransferencias_recibidas_delta4	0.000420916422303407	0.000342284251932573	0.000807102502017756	561
Master_Fvencimiento_lag5	0.000417551169375491	0.0016227992400812	0.00103309120258273	562
mv_mpagominimo_lag4	0.000417100111913077	0.000404546757218933	0.000774818401937046	563
mv_status07_avg3	0.00041672279021701	0.000408983019370271	0.000387409200968523	564
mv_msaldopesos_delta5	0.000415077335432868	0.000265439089040335	0.000742534301856336	565
mtransferencias_recibidas_lag5	0.000412908924038427	0.000574166337370192	0.000839386602098467	566
mpasivos_margen_tend6	0.000412432830703874	0.000415256189646674	0.000839386602098467	567
mcuenta_debitos_automaticos_lag6	0.000412408705046685	0.00104992319577459	0.00100080710250202	568
mcuenta_corriente_lag4	0.00041024252715158	0.000752717091508835	0.00106537530266344	569
mcuenta_debitos_automaticos_delta4	0.000409964416012912	0.00119675620042297	0.000677966101694915	570
chomebanking_trx	0.000404103622108558	0.000452559735108558	0.000968523002421307	571
cprestamos_personales_ratioavg6	0.000402195389887171	0.00294429158994183	0.000742534301856336	572
mv_mpagominimo_delta5	0.000400024771626191	0.000651154605493119	0.000677966101694915	573
mpagomiscuentas_delta6	0.000393990255130435	0.00125408978620644	0.000613397901533495	574
mprestamos_personales_avg3	0.000377581061373015	0.000716842252366445	0.000451977401129944	575
mpayroll_tend6	0.000365752667176985	0.000505419522942479	0.000387409200968523	576
Visa_mpagominimo_delta5	0.000359346998916107	0.000283650989135965	0.000742534301856336	577
mprestamos_personales_delta4	0.000352416765894076	0.000287833884649363	0.000387409200968523	578
mv_mpagominimo_lag6	0.000345716339430744	0.000335919588148026	0.000645682001614205	579
ccallcenter_trx_delta5	0.00034566018535653	0.00159938628594563	0.000516545601291364	580
mprestamos_personales_lag6	0.000341724651299108	0.00108873990310195	0.000484261501210654	581
Master_mfinanciacion_limite_delta5	0.000340746823514531	0.00257242912901716	0.000613397901533495	582
ccallcenter_trx_delta3	0.000335260240230189	0.000149871058316271	0.000387409200968523	583
mvr_mpagominimo_delta6	0.000325994017042676	0.000470935854321371	0.000581113801452785	584
cliente_edad_lag2	0.000324278232095628	0.000841242925607583	0.000710250201775626	585
Visa_mpagominimo_lag6	0.000321273632389314	0.000227093925178031	0.000645682001614205	586
ctrx_quarter_normalizado_delta6	0.000320788141333451	0.000596188120984475	0.000710250201775626	587
mcomisiones_mantenimiento_lag5	0.000316735454961547	0.000319016749015086	0.000645682001614205	588
Visa_mfinanciacion_limite_lag4	0.000315096218674035	0.00026575579733776	0.000645682001614205	589
mpayroll_delta5	0.000311177393954142	0.000627826106903535	0.000290556900726392	590
ctrx_quarter_normalizado_lag6	0.000310963926093236	0.00140175561637768	0.000871670702179177	591
cliente_edad_avg6	0.00030083399273303	0.000326003099457542	0.000516545601291364	592
ccaja_seguridad_lag3	0.000296799728422398	7.71994069878767e-05	9.68523002421307e-05	593
mv_msaldototal_delta6	0.00029480382756606	0.00126790765192372	0.000581113801452785	594
cproductos_lag6	0.000286444347143242	0.000463989385664517	0.000548829701372074	595
mtarjeta_visa_consumo_lag6	0.000283983914457738	0.00020409855679759	0.000645682001614205	596
mcaja_ahorro_dolares_tend3	0.000263617484178433	0.000520316542858394	0.000516545601291364	597
Visa_Fvencimiento_delta6	0.00026139386926558	0.000213644379480717	0.000484261501210654	598
Visa_fechaalta_delta4	0.000255077597376981	0.0003863958527954	0.000419693301049233	599
mpagomiscuentas_lag6	0.000247546580188723	0.000501597909486885	0.000516545601291364	600
cprestamos_personales_tend6	0.000245361906339394	0.00446674121948708	0.000742534301856336	601
mcuenta_debitos_automaticos_delta5	0.000243753248678743	0.000205447499545881	0.000451977401129944	602
mprestamos_personales_lag3	0.000242482988361408	0.000878398673864003	0.000419693301049233	603
mprestamos_personales_delta5	0.000227054798218868	5.05794880924613e-05	0.000225988700564972	604
mv_Finiciomora_delta1	0.000203524730495264	0.000778654328074245	0.000193704600484261	605
cliente_edad_delta6	0.000203152960953729	0.000246464743043497	0.000548829701372074	606
mpayroll_lag5	0.000186323632237145	6.64688606736412e-05	0.000161420500403551	607
thomebanking_delta6	0.000163783639989645	0.000135255556886956	0.000258272800645682	608
ctrx_quarter_normalizado_lag5	0.000162915533316857	0.000147665830171238	0.000387409200968523	609
mv_msaldototal_lag6	0.000160156375709012	0.000723551776297078	0.000419693301049233	610
Visa_mfinanciacion_limite_delta6	0.000159241040734518	0.000992993119821909	0.000387409200968523	611
mprestamos_personales_avg6	0.000154460075349122	2.81119668743953e-05	0.000129136400322841	612
Master_Fvencimiento_delta6	0.000150688805193579	0.00013848598152069	0.000387409200968523	613
mv_msaldopesos_lag6	0.000150348317436927	0.000145014864422421	0.000355125100887813	614
cproductos_delta5	0.000139432764132429	0.00139719736288215	0.000290556900726392	615
mpayroll_delta6	0.000131593492442074	0.000238518883759213	0.000258272800645682	616
ccallcenter_trx_lag6	0.000129464737280047	0.00161436306943275	0.000387409200968523	617
mpayroll_sobre_edad_lag6	0.000123646350358107	0.00082786375953192	0.000290556900726392	618
mpayroll_sobre_edad_delta6	0.000103340990123175	0.000336299638104936	0.000193704600484261	619
Master_mfinanciacion_limite_delta6	9.54631361287164e-05	0.00170838086000759	0.000258272800645682	620
mpayroll_lag4	8.951084838889e-05	8.38103994481994e-05	0.000129136400322841	621
mpayroll_lag6	7.94953412676682e-05	6.66776535512029e-05	6.45682001614205e-05	622
mv_status01_delta6	5.48120105748961e-05	0.0006734180258084	0.000129136400322841	623
mdescubierto_preacordado_lag6	5.193429890588e-05	6.9037716863866e-05	9.68523002421307e-05	624
thomebanking_lag6	4.69865114341605e-05	0.000116215523243244	0.000129136400322841	625
cpayroll_trx_delta6	4.5615852005653e-05	5.97640287177853e-05	0.000161420500403551	626
tcallcenter_delta5	4.05973707811485e-05	0.00217793727374462	0.000225988700564972	627
cpayroll_trx_lag6	3.17911585057767e-05	8.43617064844577e-06	3.22841000807103e-05	628
Master_fechaalta_delta6	2.60382031401223e-05	1.66963922427665e-05	6.45682001614205e-05	629
ccaja_ahorro_lag6	2.48328895055321e-05	5.48749910004991e-05	9.68523002421307e-05	630
mv_status01_lag6	2.30099127789443e-05	0.000140501184687268	6.45682001614205e-05	631
Visa_fechaalta_delta6	1.80254832806009e-05	3.39675513956747e-05	9.68523002421307e-05	632
Visa_Finiciomora_lag6	4.86167842193714e-06	9.83390993441462e-05	3.22841000807103e-05	633
