Feature	Gain	Cover	Frequency	pos
ctrx_quarter_normalizado	0.326999919408567	0.044168240545554	0.00821247597413944	1
ctrx_quarter	0.0392221150576152	0.0112243315980891	0.00192206884501136	2
mdescubierto_preacordado_tend6	0.0347224802562066	0.00721480264507502	0.00436833828411672	3
mcaja_ahorro	0.0319266977146357	0.0102175952418978	0.00401887122138738	4
mtarjeta_visa_consumo	0.0318243715132318	0.0257904535837586	0.00821247597413944	5
mcuentas_saldo	0.0255518410523168	0.0141279632987016	0.00891141009959811	6
cpayroll_trx	0.0172954568120424	0.0182858342250346	0.00646514066049275	7
mv_status06_ratioavg3	0.0149760846623817	0.00122741318366129	0.000174733531364669	8
mprestamos_personales_ratioavg6	0.0119589220225515	0.0046290897392084	0.00471780534684606	9
mcuentas_saldo_avg3	0.0118858951712709	0.00313653317687861	0.00139786825091735	10
cproductos_ratioavg6	0.0110919792472873	0.0106768134433654	0.00594094006639874	11
mv_status07_ratioavg3	0.010751561449129	0.00264809270737261	0.000873667656823344	12
mprestamos_personales_ratiomax6	0.00944706895203363	0.00651436436170638	0.00803774244277477	13
foto_mes	0.00939930039407947	0.0127764139204131	0.0165996854796435	14
mpayroll_sobre_edad	0.00921945627735016	0.0132949728075107	0.0050672724095754	15
ctarjeta_visa_ratioavg6	0.00852474867155937	0.00243300707385391	0.000524200594094007	16
ctarjeta_visa_trx_ratioavg6	0.00819183261321209	0.0128386281290669	0.00594094006639874	17
mpasivos_margen	0.00739453717034102	0.0039300541247056	0.00331993709592871	18
mdescubierto_preacordado	0.00565232896862898	0.00117912825610583	0.00192206884501136	19
mpayroll	0.00446269327513136	0.0180223078118642	0.00349467062729338	20
ctarjeta_visa_tend6	0.00418697292662333	0.00226301139991847	0.000524200594094007	21
mprestamos_personales_ratioavg3	0.00413140000832593	0.00618910103692686	0.00262100297047003	22
mprestamos_personales_lag2	0.00406314675786699	0.000569415374240431	0.00157260178228202	23
ccaja_ahorro	0.00387567596807873	0.00784857519429204	0.00576620653503407	24
cpayroll_trx_ratioavg6	0.00385217247927894	0.0151276278660275	0.00349467062729338	25
mprestamos_personales	0.00365244294566648	0.00483001231348449	0.00419360475275205	26
mcuenta_corriente_ratioavg6	0.0035679899546724	0.00213807646329825	0.00489253887821073	27
cproductos_ratiomax6	0.00337234780779622	0.000928469381628365	0.00192206884501136	28
mcomisiones_mantenimiento	0.00330072294141199	0.00986925606612399	0.00663987419185742	29
mcuentas_saldo_ratioavg6	0.00324307634817782	0.00348210597794482	0.00471780534684606	30
mactivos_margen	0.0029757274828095	0.00508850275579625	0.0055914730036694	31
mcaja_ahorro_ratioavg6	0.00291308359787982	0.00336838265149535	0.00471780534684606	32
mprestamos_personales_ratiomax3	0.00261603303400045	0.00641051816185388	0.00436833828411672	33
mdescubierto_preacordado_delta1	0.00255980152964417	0.0102303069284946	0.00314520356456404	34
cproductos	0.00248851788129476	0.00727075354761256	0.00471780534684606	35
mcuenta_corriente	0.0023252833036767	0.000775062215182729	0.00331993709592871	36
cliente_edad_avg3	0.00231901407608947	0.00583013469634304	0.00629040712912808	37
mv_Finiciomora_avg3	0.0023103666713756	0.00425877541786967	0.00209680237637603	38
mcuentas_saldo_ratiomax6	0.00230342351927952	0.00180148463927584	0.00366940415865805	39
mpasivos_margen_avg3	0.00220584451080823	0.000281702663890265	0.00122313471955268	40
mprestamos_personales_tend6	0.00211237638039301	0.0046627927550127	0.00331993709592871	41
mcaja_ahorro_dolares_delta1	0.00208818814461278	0.0115654236513894	0.00471780534684606	42
mcomisiones_tend6	0.00198699545671945	0.00211931576721759	0.00419360475275205	43
Visa_Finiciomora	0.00197497560991498	0.00560876627519607	0.00331993709592871	44
mcuenta_debitos_automaticos	0.00196706057576073	0.0072366998645918	0.00366940415865805	45
ctarjeta_visa_trx_tend6	0.0019653983487906	0.00417028064949335	0.00297047003319937	46
mv_msaldototal_avg3	0.00195937519498299	6.91496269348892e-05	0.000174733531364669	47
mpayroll_ratiomax3	0.00187549075566916	0.00205032199237891	0.00122313471955268	48
mactivos_margen_avg3	0.00183744893301922	0.00274214944743224	0.0027957365018347	49
mv_fechaalta_tend3	0.00178980424988055	0.010616372052306	0.00366940415865805	50
mtarjeta_visa_debitos_automaticos_tend3	0.00176491313264425	0.00321844319419027	0.00366940415865805	51
cproductos_ratioavg3	0.00172853081150094	0.000585945437194157	0.00104840118818801	52
mactivos_margen_avg6	0.00164881279736511	0.00657634479221584	0.00366940415865805	53
mcuentas_saldo_tend6	0.00162967755328703	0.00131664824949458	0.00297047003319937	54
Visa_fechaalta_tend3	0.00162686668016273	0.00446571777936167	0.0027957365018347	55
mcuentas_saldo_ratiomax3	0.00161600604619619	0.00287870510597572	0.00366940415865805	56
ccaja_ahorro_avg3	0.00159803768271097	0.000996313747257539	0.00192206884501136	57
cpayroll_trx_lag1	0.00155412647590488	0.00140120775244173	0.00122313471955268	58
mrentabilidad_avg6	0.00152851197890444	0.00111453730298493	0.00244626943910536	59
mrentabilidad_annual_ratiomax6	0.00151570855987156	0.000931722794136641	0.00314520356456404	60
mtransferencias_recibidas	0.00151371948308685	0.00971049148387131	0.00314520356456404	61
Visa_mpagominimo	0.00147769491504499	0.00167497170018156	0.00366940415865805	62
mcomisiones_mantenimiento_ratioavg3	0.00145973349017237	0.00285523962474088	0.00401887122138738	63
mcuentas_saldo_delta2	0.00142134375490249	0.00186488722016318	0.00349467062729338	64
mcomisiones_ratioavg6	0.00141011218741067	0.00116748805267053	0.00401887122138738	65
mv_mpagominimo	0.0013850934232233	0.00268071449925949	0.0022715359077407	66
cliente_edad	0.00137731127526064	0.00298309678816493	0.00419360475275205	67
mcuenta_corriente_tend6	0.00136052669200609	0.00219386177298358	0.00192206884501136	68
mprestamos_personales_delta2	0.00134412207423357	0.00187667353493867	0.000873667656823344	69
Master_fechaalta_lag1	0.001341365892665	0.000334965117768273	0.000524200594094007	70
mcaja_ahorro_ratioavg3	0.00132687580275303	0.00246158645199547	0.00419360475275205	71
ctarjeta_debito_trx_ratioavg3	0.00132361441374506	5.22104522286246e-05	0.000349467062729338	72
cpayroll_trx_avg3	0.0013170318107761	0.00163135259475622	0.00122313471955268	73
chomebanking_trx_delta1	0.00130561373572973	0.00528410687728935	0.00419360475275205	74
mcomisiones_mantenimiento_avg3	0.00126401462164547	0.0014100133958773	0.00174733531364669	75
mrentabilidad_annual_delta1	0.00125813229815285	0.000428447153223144	0.00262100297047003	76
mrentabilidad_annual_avg3	0.00122381966812425	0.00090259793365836	0.00209680237637603	77
mv_status04	0.00120253320717353	0.000179366281219756	0.000698934125458676	78
ccallcenter_trx	0.00119147780987951	0.00532817405749127	0.00262100297047003	79
ccallcenter_trx_ratioavg3	0.00119076279467166	0.0019551353246218	0.0022715359077407	80
ccomisiones_mantenimiento_ratioavg3	0.00118241112185893	0.00166131516025161	0.00209680237637603	81
mcuentas_saldo_ratioavg3	0.00117797880081395	0.00138154116605188	0.0027957365018347	82
ctarjeta_visa_trx_ratioavg3	0.00117282887140167	0.00322169660669855	0.00139786825091735	83
cliente_edad_lag2	0.00116536530866037	0.00272837601843013	0.00384413769002272	84
mv_msaldopesos_avg3	0.00116308849407946	0.000258334590215551	0.000873667656823344	85
ccomisiones_mantenimiento_delta1	0.00116192942236586	0.00100999950945553	0.00192206884501136	86
mpayroll_ratioavg6	0.00115901691620755	0.0013235836677757	0.00174733531364669	87
mcaja_ahorro_avg3	0.0011486610780678	0.00315025790210065	0.00314520356456404	88
ctarjeta_visa_trx	0.00114564822957504	0.00136901455381941	0.00157260178228202	89
ctrx_quarter_normalizado_ratiomax3	0.00114241667954132	0.000957175389598096	0.00244626943910536	90
mrentabilidad_annual	0.00112029698824067	0.000595676452450948	0.0022715359077407	91
cprestamos_personales_delta2	0.00111087046553487	0.000201380389808691	0.000349467062729338	92
mpagomiscuentas	0.00111022350459218	0.0100012238285854	0.00244626943910536	93
ctarjeta_visa_trx_ratiomax6	0.00108663541764034	0.00157405746788892	0.0022715359077407	94
ccaja_seguridad_lag2	0.00108088541584202	0.000386045642299412	0.000873667656823344	95
mv_msaldototal	0.00106130494216223	0.000326480919281121	0.00104840118818801	96
ccaja_ahorro_ratioavg6	0.000999025031564622	0.0105062528055812	0.00262100297047003	97
mrentabilidad_ratiomax6	0.000992727096937811	0.00444324585524013	0.0027957365018347	98
mv_msaldopesos	0.000989679034986116	0.00050568160764866	0.000524200594094007	99
mtarjeta_visa_consumo_tend6	0.000965434302434848	0.00140302927381612	0.00139786825091735	100
mactivos_margen_tend6	0.00095496712896382	0.00305246071173211	0.0027957365018347	101
mcaja_ahorro_lag1	0.000950313257430605	0.00193856629864402	0.0022715359077407	102
mpayroll_sobre_edad_delta2	0.000942137813617481	0.00330578855335708	0.00262100297047003	103
mtarjeta_visa_consumo_ratiomax6	0.000938367915448942	0.00432931797291439	0.00192206884501136	104
mactivos_margen_ratiomax6	0.000919271151269867	0.00357459445628639	0.00314520356456404	105
ccallcenter_trx_ratiomax3	0.000915476700409041	0.0035950695254253	0.00157260178228202	106
mcuenta_corriente_avg6	0.000913196107812374	0.00109038022807318	0.0027957365018347	107
ctrx_quarter_delta1	0.000905543179748974	0.001564229045072	0.0022715359077407	108
Master_fechaalta	0.000895449365377556	0.00079667695277514	0.00139786825091735	109
mrentabilidad_annual_ratioavg6	0.000882800459838919	0.000361567122439238	0.00174733531364669	110
mv_status01	0.000876108573721553	0.00281216600165227	0.00122313471955268	111
cliente_edad_avg6	0.000873850822684745	0.00106593093048104	0.0027957365018347	112
ctrx_quarter_ratiomax3	0.000870695979601308	0.00145628198693811	0.00192206884501136	113
mplazo_fijo_dolares_ratiomax3	0.000855094847287335	0.00354694044996604	0.00157260178228202	114
mpasivos_margen_ratioavg6	0.000831529075619223	0.000492132216034851	0.00209680237637603	115
mdescubierto_preacordado_delta2	0.000817002069936165	0.00120509711163596	0.000698934125458676	116
ccomisiones_mantenimiento_delta2	0.000815177497071805	0.00267569800991289	0.00174733531364669	117
cproductos_tend6	0.000811371550458753	0.00181740103460076	0.00139786825091735	118
Master_status	0.000809137452446666	0.000239720005475084	0.000524200594094007	119
mtarjeta_visa_debitos_automaticos_ratioavg3	0.000808395385469958	0.00197770465630346	0.0022715359077407	120
mvr_mpagominimo	0.000805210632850102	0.00360843384267487	0.0022715359077407	121
mcuentas_saldo_delta1	0.000798397106385713	0.00230210105379785	0.00209680237637603	122
ccaja_seguridad	0.000794591224454642	0.00559997037251651	0.00209680237637603	123
ccomisiones_otras_avg3	0.000794584229980334	0.0110847270829136	0.0027957365018347	124
mtarjeta_visa_consumo_ratioavg6	0.000790777133792059	0.000398844995700235	0.00122313471955268	125
cproductos_avg3	0.000789363447337134	0.00224043232748079	0.00209680237637603	126
Visa_mfinanciacion_limite_ratioavg3	0.000781934859907463	0.013874917939001	0.00262100297047003	127
cpayroll_trx_lag2	0.00077680097162668	0.000142234519298951	0.000349467062729338	128
ctransferencias_emitidas_avg3	0.0007761320981926	0.00103794573845626	0.00209680237637603	129
chomebanking_trx	0.000753519024494866	0.000651919577668873	0.0022715359077407	130
mv_msaldopesos_lag1	0.000751930443841235	0.00055846676448204	0.000349467062729338	131
ccallcenter_trx_avg3	0.000747381389459586	0.00324690568325968	0.00244626943910536	132
cproductos_ratiomax3	0.000740755852355134	0.000552778162970563	0.00104840118818801	133
mprestamos_hipotecarios_avg6	0.000738088846658887	0.0122113624048664	0.00262100297047003	134
mrentabilidad_ratioavg6	0.000737373784409596	0.000410699495767817	0.00157260178228202	135
Visa_fechaalta	0.000737281142171065	0.000984303395093753	0.00139786825091735	136
mpayroll_sobre_edad_lag2	0.000734537494206522	0.00134173069622755	0.00157260178228202	137
mactivos_margen_ratioavg6	0.00072880697932528	0.00103529625282078	0.0022715359077407	138
mcuentas_saldo_tend3	0.000724250113124279	0.000966497293102349	0.0022715359077407	139
ccajas_consultas_tend3	0.000722910393455674	0.00630796748255109	0.0022715359077407	140
mtarjeta_visa_debitos_automaticos_ratiomax3	0.000717394616873949	0.00161199771255878	0.00157260178228202	141
chomebanking_trx_avg3	0.000717031054154497	0.000557336836784555	0.00174733531364669	142
thomebanking	0.000717002147188796	0.00367544050328694	0.00174733531364669	143
internet_ratioavg6	0.000712936849349301	0.00212674796405536	0.00209680237637603	144
mv_Fvencimiento_ratioavg3	0.000710571355771294	0.000590104740011624	0.0022715359077407	145
Master_msaldototal_avg3	0.000707516625695289	0.00285976907628683	0.00209680237637603	146
mrentabilidad_annual_tend3	0.000702949742607373	0.00123650130902124	0.00192206884501136	147
mv_Finiciomora_ratioavg3	0.000702419156310369	0.000612625367913225	0.000349467062729338	148
mv_mpagominimo_avg3	0.000694175937540641	0.00130997583162581	0.00122313471955268	149
mrentabilidad_annual_delta2	0.000691272572122403	0.00058314009946247	0.00209680237637603	150
numero_de_cliente	0.00068802665092836	0.000697934909073354	0.0022715359077407	151
mrentabilidad_annual_avg6	0.000676350553576271	0.00034645920986338	0.00157260178228202	152
Visa_fechaalta_delta2	0.000670148339462307	0.000397510512126481	0.00104840118818801	153
internet_avg6	0.000667395180306344	0.000334195598043261	0.00157260178228202	154
cliente_edad_lag1	0.000667333617760086	0.0012625675721115	0.00174733531364669	155
Visa_cconsumos_avg3	0.00066670430617817	0.000555456870874084	0.00174733531364669	156
mcaja_ahorro_delta2	0.000663224674283302	0.00119156720153418	0.00174733531364669	157
mcuenta_corriente_delta2	0.000659999480724347	0.0021387972792432	0.00174733531364669	158
mtarjeta_master_consumo_tend6	0.000657878420355699	0.00413531133540739	0.00122313471955268	159
mv_fultimo_cierre_avg3	0.000653121825015058	0.00132042766282755	0.00209680237637603	160
mv_fechaalta_delta2	0.000651549344294724	0.00150728458542115	0.00122313471955268	161
ccaja_ahorro_avg6	0.000647098797631322	0.000674021353061923	0.00174733531364669	162
mvr_msaldopesos_lag2	0.000643428533235531	0.00196586963774791	0.00192206884501136	163
chomebanking_trx_tend3	0.00063159773422343	0.000789342163497499	0.00157260178228202	164
mcaja_ahorro_dolares_ratiomax6	0.000628441194708015	0.000694856830173309	0.00174733531364669	165
mcaja_ahorro_lag2	0.000625931101619522	0.000358713080927487	0.00139786825091735	166
mcuenta_corriente_delta1	0.000618317750108736	0.00050543808874834	0.00139786825091735	167
Visa_mpagado_avg3	0.000616967340272587	0.000713705193058083	0.00139786825091735	168
mpayroll_tend6	0.000616550267913616	0.00202296994949496	0.00192206884501136	169
mv_mpagominimo_lag1	0.00061625453601248	0.000662819483647199	0.00104840118818801	170
ccallcenter_trx_delta2	0.000612449271500327	0.000794621653256438	0.00157260178228202	171
ccajas_trx_avg3	0.000603087077965551	0.00176792773481174	0.00157260178228202	172
Master_fultimo_cierre_avg3	0.000597171002238781	0.00012853901634495	0.00157260178228202	173
mdescubierto_preacordado_avg6	0.000591792363218909	0.000369661690685877	0.00174733531364669	174
mcomisiones_ratiomax6	0.000591645755626897	0.000397140363397995	0.00192206884501136	175
mcaja_ahorro_dolares_ratioavg6	0.000591047935349864	0.00236852326904915	0.00174733531364669	176
mtransferencias_emitidas_avg3	0.000586691703836249	0.00269987456633667	0.00192206884501136	177
ctransferencias_recibidas	0.000584850181352558	0.00266104791286964	0.00174733531364669	178
mpasivos_margen_ratioavg3	0.000584177568123892	0.00139785693237332	0.00209680237637603	179
ccomisiones_mantenimiento_avg3	0.000566569765526149	0.00257309862683004	0.00174733531364669	180
canarito325	0.000565703050490263	0.00310211908588538	0.0022715359077407	181
canarito100	0.000565068090995296	0.000441538729304351	0.00192206884501136	182
cliente_antiguedad_lag2	0.000562927846538854	0.000209621069395523	0.00174733531364669	183
Master_Fvencimiento_lag2	0.000559086063167774	0.000836662756207696	0.00192206884501136	184
mprestamos_personales_avg6	0.00055775309982618	0.00186925107885691	0.00104840118818801	185
cprestamos_personales_ratioavg6	0.000547961944208135	0.00285026209841834	0.00139786825091735	186
canarito315	0.000546949762335189	0.000244268938533063	0.00157260178228202	187
mcaja_ahorro_delta1	0.000541769297147304	0.00173227656780488	0.00157260178228202	188
thomebanking_ratioavg3	0.000540420380876917	0.000793199502878569	0.00104840118818801	189
Master_fechaalta_tend3	0.000538998935524262	0.00145845417552897	0.00122313471955268	190
cproductos_avg6	0.000537212780817022	0.000352030922302704	0.00174733531364669	191
ccallcenter_trx_delta1	0.000535893097862336	0.000103144865419572	0.000524200594094007	192
canarito98	0.000530501396022223	0.00168015378238037	0.00209680237637603	193
ctarjeta_visa_debitos_automaticos_tend3	0.000529825025358431	0.00258382319920014	0.00157260178228202	194
ccomisiones_mantenimiento	0.000528904553715458	0.00467239714044132	0.00157260178228202	195
mcuenta_corriente_ratioavg3	0.000524623065171945	0.000162738810705901	0.00157260178228202	196
ccaja_ahorro_ratioavg3	0.000524099937883483	0.00427252936535974	0.00139786825091735	197
mrentabilidad_annual_tend6	0.000523535728716285	0.00112593398751991	0.00174733531364669	198
cpayroll_trx_ratioavg3	0.000522704656392481	0.000791212388651957	0.000873667656823344	199
mpasivos_margen_avg6	0.000519746220146889	0.000830029301362977	0.00157260178228202	200
ccomisiones_otras_ratioavg3	0.000510205898314316	0.000372944325462192	0.00157260178228202	201
canarito276	0.000509936318514472	0.000803144814767641	0.00192206884501136	202
canarito181	0.000509116430293345	0.000277708953925016	0.00157260178228202	203
mcaja_ahorro_dolares_ratioavg3	0.000509065249205172	0.00115394840181273	0.00139786825091735	204
ctrx_quarter_normalizado_lag1	0.000508562223312611	0.000650205204610619	0.00174733531364669	205
Visa_mpagominimo_avg3	0.000507859253653833	0.000698694688042353	0.000873667656823344	206
mcuentas_saldo_avg6	0.000503195147667038	0.000934713206232572	0.00139786825091735	207
ccaja_seguridad_avg3	0.000503016028558882	0.000881411789330513	0.000873667656823344	208
cliente_antiguedad_ratioavg6	0.000494916518452344	0.000968026591796359	0.00157260178228202	209
ctransferencias_recibidas_avg3	0.000491521178940169	0.000597751233481675	0.00139786825091735	210
canarito243	0.000489355508584684	0.00100212897859718	0.00192206884501136	211
mpayroll_avg6	0.000484468020433527	0.00132287259258676	0.00122313471955268	212
mtransferencias_recibidas_ratioavg3	0.000482845649324567	0.000734180262196995	0.00174733531364669	213
ccallcenter_trx_tend3	0.000482091042863653	0.000560229841320357	0.00122313471955268	214
Master_Fvencimiento_lag1	0.000480367285688255	0.000234859368224695	0.00157260178228202	215
Visa_mpagospesos_delta2	0.00047616990136167	0.000362891865256979	0.00139786825091735	216
mv_fechaalta	0.000474774340562109	0.00238231617956328	0.00139786825091735	217
mcomisiones_otras_ratioavg3	0.000474496616712734	0.00158147992397067	0.00174733531364669	218
ctransferencias_recibidas_ratioavg3	0.000473918283352775	0.000270393646159401	0.00122313471955268	219
mrentabilidad_tend6	0.000472857566472731	0.000169810599571196	0.00139786825091735	220
mv_status05_delta2	0.000472162990771142	0.000153903945002289	0.000349467062729338	221
mv_fechaalta_ratioavg3	0.000469961580680603	0.000184197696202107	0.000698934125458676	222
canarito136	0.000469204416341317	0.000215923338535806	0.00157260178228202	223
mcuenta_debitos_automaticos_ratiomax3	0.000458116342886102	0.00610986972751872	0.00157260178228202	224
mcomisiones_avg6	0.000456521438098702	0.000517438700156113	0.00157260178228202	225
mcuenta_corriente_ratiomax6	0.000456165081540045	0.00244231923660215	0.00157260178228202	226
Visa_mpagospesos_ratioavg3	0.000455458789579473	0.000121964006036308	0.00122313471955268	227
tcallcenter	0.000453981303169736	0.00135152015602042	0.00104840118818801	228
mpayroll_sobre_edad_tend3	0.000453342306931085	0.00185916939638366	0.00139786825091735	229
mv_mpagominimo_delta1	0.000453153232677907	0.00235484724760717	0.00122313471955268	230
mcuentas_saldo_lag1	0.000450968119506701	0.00209149616804503	0.00174733531364669	231
canarito220	0.000450812083045791	0.000196695086166533	0.00139786825091735	232
mcuenta_corriente_lag1	0.000446232004833581	0.000449477445454786	0.00104840118818801	233
Visa_Fvencimiento	0.000443504980138369	7.36401154567914e-05	0.00122313471955268	234
canarito300	0.000443229837688088	0.00101614592649961	0.00174733531364669	235
Master_mfinanciacion_limite	0.000440393262296276	0.000496047999951998	0.00104840118818801	236
mcaja_ahorro_ratiomax3	0.000437119980623916	0.00100696039357953	0.00122313471955268	237
mcuenta_corriente_ratiomax3	0.000436831754772764	0.00029012841784134	0.00139786825091735	238
Master_Fvencimiento_ratioavg3	0.000436379927608916	0.000130789130983907	0.00139786825091735	239
mtransferencias_recibidas_lag1	0.000434749729980154	0.000984858618186482	0.00157260178228202	240
mrentabilidad_annual_ratioavg3	0.000430916684556802	0.000422164365594886	0.00139786825091735	241
canarito368	0.000430544113401335	0.000110206913528854	0.00104840118818801	242
mtransferencias_emitidas_tend3	0.000422652479424058	0.00140860098625544	0.00122313471955268	243
mcuenta_corriente_lag2	0.00042187413467581	0.00014445541166987	0.00122313471955268	244
mpayroll_ratioavg3	0.00041746874191591	0.000155150761771928	0.000698934125458676	245
Visa_mfinanciacion_limite	0.000417467730524921	0.000831412488716795	0.00139786825091735	246
mrentabilidad_delta1	0.000417341533038268	0.000162845959022042	0.00139786825091735	247
mvr_mpagominimo_lag2	0.000415638374133995	0.000342553166702246	0.000698934125458676	248
chomebanking_trx_ratioavg3	0.000414535590445036	9.78361533925943e-05	0.00122313471955268	249
Visa_msaldototal	0.00041411198814599	0.000628648911554286	0.000698934125458676	250
mv_Finiciomora_delta1	0.000412087912528926	0.000680050881033848	0.000698934125458676	251
canarito363	0.000411371850649006	0.000561106509361509	0.00139786825091735	252
cprestamos_personales_avg6	0.000410570058682343	0.000682447107012998	0.00122313471955268	253
canarito40	0.000408073134257334	0.000545336225376781	0.00157260178228202	254
canarito329	0.000404994442447149	0.000646347865229549	0.00122313471955268	255
canarito299	0.000402244049915954	0.000224008166026433	0.00122313471955268	256
ccomisiones_mantenimiento_tend3	0.000402005305780906	0.000759944561850859	0.000873667656823344	257
canarito110	0.00040143378166958	0.000482878497822688	0.00174733531364669	258
mactivos_margen_delta2	0.000398955035821558	0.000322467727803846	0.00122313471955268	259
mcuenta_corriente_tend3	0.000397266559727161	0.000726757806115239	0.00104840118818801	260
Master_fechaalta_ratioavg3	0.000396199909745329	0.00135894261210217	0.00139786825091735	261
ctarjeta_master_tend6	0.000389367607865667	0.00012388293497083	0.000174733531364669	262
mtransferencias_emitidas_lag1	0.000388993181513357	0.000411819682709289	0.00104840118818801	263
Visa_fultimo_cierre_avg3	0.00038490706195589	0.000278332362309836	0.00104840118818801	264
canarito291	0.00038416348965306	0.000140120775244173	0.00122313471955268	265
Visa_msaldopesos_ratioavg3	0.000383092829388353	0.000152423350088343	0.000524200594094007	266
mprestamos_prendarios	0.00038251963236577	0.00789910049573045	0.00157260178228202	267
mv_mpagominimo_tend3	0.000377414653990778	0.000656819177943313	0.00104840118818801	268
Visa_msaldopesos_avg3	0.000376854222839337	0.000589237812726485	0.00122313471955268	269
mprestamos_personales_delta1	0.000376348936017501	0.00121462357101648	0.000873667656823344	270
Visa_mpagominimo_ratiomax3	0.00037458419986652	8.40335021224523e-05	0.00104840118818801	271
mv_mconsumospesos_ratioavg3	0.000370852628712309	0.0002124945924193	0.000873667656823344	272
canarito158	0.000370365835057099	0.000694973719245462	0.00122313471955268	273
mtarjeta_visa_debitos_automaticos_avg3	0.000369619387346167	0.000349118436254876	0.00104840118818801	274
Visa_mpagospesos_avg3	0.000368744281293182	0.000204663024585006	0.00104840118818801	275
canarito97	0.000368448428848353	0.000129707907066486	0.000873667656823344	276
canarito212	0.000367523820498633	0.000968913000593524	0.00139786825091735	277
ctrx_quarter_delta2	0.000365792554333161	0.0013811807580794	0.00104840118818801	278
internet_tend6	0.000365120320376116	0.000577305386610801	0.00122313471955268	279
canarito225	0.000364753379493159	0.0001835840285733	0.00104840118818801	280
mcaja_ahorro_dolares_avg3	0.000363483804493765	0.000247015831728674	0.00122313471955268	281
canarito234	0.000363432088309197	0.000264149821555194	0.00139786825091735	282
mvr_mpagominimo_delta1	0.000363029992769111	0.00142612460632248	0.00104840118818801	283
ctarjeta_master_trx_ratioavg6	0.000361660093075799	0.000479215973561874	0.00122313471955268	284
mvr_mpagominimo_delta2	0.000359563217888178	0.00111188781734945	0.00104840118818801	285
canarito119	0.000357713801262612	0.000456247270883684	0.00139786825091735	286
Master_fechaalta_avg3	0.000357457972264089	0.000773503694220681	0.000873667656823344	287
canarito306	0.000356303931044615	4.7934260339004e-05	0.000873667656823344	288
mcomisiones_lag1	0.000356236691184406	0.000208948957230639	0.00104840118818801	289
mvr_msaldopesos_lag1	0.000356027968309201	0.00109796827700715	0.00104840118818801	290
canarito359	0.00035378563510479	5.04960791703712e-05	0.000873667656823344	291
Visa_fultimo_cierre_ratioavg3	0.000350641376345653	0.000137558956412805	0.00122313471955268	292
mcomisiones_delta1	0.000349780947222365	0.000220715790494105	0.00122313471955268	293
tcallcenter_avg3	0.000349032944203779	0.000193392969878193	0.000524200594094007	294
mextraccion_autoservicio_avg3	0.000348328057606267	0.000444324585524013	0.00104840118818801	295
canarito140	0.000346340794857138	0.000726465583434855	0.00122313471955268	296
mcaja_ahorro_avg6	0.000345588075934058	0.00110868310862124	0.00104840118818801	297
ctrx_quarter_lag2	0.000345197343842145	0.000136292658131141	0.00104840118818801	298
canarito320	0.000342363635038165	0.000462364465659725	0.00122313471955268	299
canarito75	0.000341831452272246	0.000420079843808146	0.00139786825091735	300
Visa_msaldopesos_tend3	0.000341742946740463	0.00012284067407746	0.000174733531364669	301
canarito24	0.000341505572687394	0.000207098213588207	0.00104840118818801	302
Visa_msaldopesos_delta1	0.000341374579913815	0.00120323662723752	0.00104840118818801	303
canarito278	0.000341061924854159	0.000167404632836034	0.00104840118818801	304
Visa_mpagominimo_ratioavg3	0.000339699792878847	0.000129805314626614	0.000873667656823344	305
canarito326	0.000338872069317648	0.00120948045184172	0.00122313471955268	306
Master_msaldototal_ratioavg3	0.000336956691771059	0.000153319499641521	0.00104840118818801	307
Master_mpagominimo_lag2	0.000336026558992072	0.0014278194978687	0.00104840118818801	308
ctrx_quarter_normalizado_ratioavg3	0.00033571861395673	0.000971474819424891	0.000873667656823344	309
mv_cconsumos_lag2	0.000335237171265471	0.000375155477077098	0.00122313471955268	310
canarito198	0.000334989759744857	0.000388402905254511	0.00104840118818801	311
canarito64	0.000332482059889693	0.000310019041619484	0.00122313471955268	312
ctrx_quarter_ratioavg3	0.000332031588107374	0.000549544231974312	0.000698934125458676	313
canarito283	0.000330875500585202	0.00111861867975429	0.00122313471955268	314
mpasivos_margen_delta2	0.000329312063581965	0.00157459320946962	0.00104840118818801	315
mv_cconsumos_delta2	0.000328029831494762	0.000174476421701329	0.000698934125458676	316
canarito367	0.000327373341720114	0.000214218706233566	0.00122313471955268	317
canarito58	0.000327355457152136	9.99109344233213e-05	0.00104840118818801	318
canarito314	0.000326858717172174	0.000317733720381624	0.00122313471955268	319
mv_fechaalta_lag2	0.000326460505491088	0.000425291148274996	0.000873667656823344	320
canarito253	0.000325817916462355	0.000159563324245727	0.00122313471955268	321
canarito73	0.000324889350751383	0.00122195836029412	0.00122313471955268	322
Visa_mpagominimo_delta2	0.000324455043584342	0.000265834972345409	0.00104840118818801	323
mrentabilidad_avg3	0.00032353071748327	0.000548365600496763	0.00104840118818801	324
canarito66	0.000322278803605008	6.25259128461831e-05	0.00104840118818801	325
mv_fultimo_cierre_ratioavg3	0.000321273657367632	0.000299674358733887	0.00122313471955268	326
mpasivos_margen_ratiomax6	0.000320318868993205	0.000350589290412809	0.00122313471955268	327
canarito150	0.000319603221665987	0.0001076548354535	0.00122313471955268	328
canarito273	0.000317960907925991	0.000194220934139281	0.00122313471955268	329
ctrx_quarter_normalizado_avg3	0.000317373204498936	5.93893894100605e-05	0.000524200594094007	330
Visa_Fvencimiento_ratiomax3	0.000313920789017971	0.00227725238520918	0.00104840118818801	331
mv_msaldopesos_ratiomax3	0.000313866420872147	0.000104138422532878	0.000524200594094007	332
canarito324	0.00031320045518716	0.000171398342801283	0.00122313471955268	333
canarito193	0.000311859597703692	0.000153494833249751	0.00104840118818801	334
canarito68	0.000311677926597345	9.81283760729784e-05	0.000873667656823344	335
canarito94	0.000309781095139003	0.000197357457575403	0.00104840118818801	336
mtransferencias_recibidas_lag2	0.000309035232505998	0.00148986811367026	0.00104840118818801	337
canarito106	0.000308894825563971	0.000747086763913959	0.00104840118818801	338
mcaja_ahorro_adicional	0.000308609904374072	0.00348311901657016	0.00122313471955268	339
canarito52	0.000308449157888849	0.000783819154838239	0.00122313471955268	340
canarito9	0.000307823330313681	0.00014549767256324	0.000873667656823344	341
canarito224	0.000307113042770686	0.000226268021421403	0.000873667656823344	342
mrentabilidad	0.000306882692592826	0.000192039004792413	0.000698934125458676	343
canarito252	0.000305919098648599	0.000146364599848379	0.00122313471955268	344
canarito28	0.000305848583528037	0.000102833161227162	0.000873667656823344	345
mv_Finiciomora_ratiomax3	0.000304277566972565	0.000414508131368823	0.000174733531364669	346
canarito217	0.000304113736332844	0.000209582106371471	0.00122313471955268	347
mtransferencias_emitidas_ratiomax3	0.000303656073090181	0.000641574894783276	0.000873667656823344	348
canarito128	0.000301767861975964	0.000197620457987749	0.000873667656823344	349
canarito207	0.000301098559288732	7.89488274837691e-05	0.00104840118818801	350
mv_mpagospesos_ratiomax3	0.000299883437697774	0.000249256205611618	0.000873667656823344	351
mrentabilidad_ratioavg3	0.000299718748551749	8.97708074139933e-05	0.000873667656823344	352
canarito183	0.000297403815702907	0.000828607150985108	0.00122313471955268	353
mv_fechaalta_avg3	0.000296790756938972	0.000628775541382453	0.00104840118818801	354
canarito242	0.000296733745652163	0.000194483934551627	0.00104840118818801	355
mpasivos_margen_tend6	0.000296377218568281	0.000493534884900694	0.00122313471955268	356
ctransferencias_emitidas_ratioavg3	0.000294060695130704	0.000249762724924284	0.00104840118818801	357
mcomisiones_avg3	0.000293329879878746	0.000360213157353458	0.00104840118818801	358
mcomisiones_mantenimiento_ratiomax3	0.000292723659764345	0.000103359162051854	0.000524200594094007	359
Visa_msaldopesos	0.000292459930743768	0.00066612159993554	0.000873667656823344	360
Visa_fechaalta_ratioavg3	0.000292440696674442	0.00108380521776454	0.00104840118818801	361
Visa_msaldopesos_lag2	0.000291771099978202	0.000229998730974307	0.00104840118818801	362
mcuentas_saldo_lag2	0.000291688598110369	0.00204974728777416	0.00122313471955268	363
canarito231	0.000290090306339193	0.000189486926717059	0.000873667656823344	364
mpayroll_sobre_edad_lag1	0.000289428868392935	0.00182056678030492	0.00104840118818801	365
canarito196	0.000288916778202646	5.00382636377695e-05	0.000873667656823344	366
mtarjeta_visa_consumo_avg3	0.000288876898820754	0.000679096286944593	0.000524200594094007	367
mcuenta_corriente_avg3	0.000288789772191221	0.000290839493030275	0.000873667656823344	368
cpayroll_trx_avg6	0.000288592797915988	0.000115914996552357	0.000524200594094007	369
ccajas_otras_ratioavg3	0.000287302180691867	0.00471545128201791	0.00104840118818801	370
canarito7	0.000285078225990568	0.000178216872010245	0.00104840118818801	371
Visa_cconsumos_lag1	0.000283679128262637	0.000574724086267408	0.000873667656823344	372
mv_status07_avg3	0.000282762758045331	0.000215874634755742	0.000524200594094007	373
canarito102	0.000281809971872251	8.40237613664395e-05	0.000873667656823344	374
canarito83	0.000280042683723077	0.000108346429130409	0.000873667656823344	375
canarito180	0.000279498484808987	9.82550059011448e-05	0.00104840118818801	376
tpaquete9_tend6	0.000279332355018821	0.000581075059187756	0.000698934125458676	377
canarito308	0.000279130082701258	0.000186184810428718	0.000873667656823344	378
mv_mfinanciacion_limite	0.000278045071856854	0.000901808932421323	0.00104840118818801	379
canarito362	0.000276461107144655	0.000512363766273443	0.00104840118818801	380
canarito104	0.000274162256588569	7.48090061783278e-05	0.000873667656823344	381
canarito310	0.000274019291768171	0.000163508330430913	0.000873667656823344	382
canarito50	0.000272774892760162	7.11562226735266e-05	0.00104840118818801	383
Master_fultimo_cierre_ratioavg3	0.00027237822756646	0.000180798172353638	0.000873667656823344	384
canarito69	0.000271388831391661	0.000186701070497397	0.00104840118818801	385
canarito86	0.000271108387958959	0.000149627753112668	0.00104840118818801	386
ctrx_quarter_tend3	0.000271034970969484	0.000477920453012171	0.000873667656823344	387
mv_status05_ratioavg3	0.000270911266679222	0.000245710570422958	0.000349467062729338	388
ccaja_ahorro_tend6	0.000267558243883619	0.00130393656289787	0.000698934125458676	389
tmobile_app_delta1	0.000266954781573716	0.000830662450503809	0.000873667656823344	390
canarito256	0.0002663254699918	0.000118593704455878	0.000873667656823344	391
mdescubierto_preacordado_avg3	0.000265480329336946	0.00010821005854623	0.000698934125458676	392
canarito282	0.000265350577281382	0.000688700672373217	0.00104840118818801	393
mprestamos_personales_tend3	0.00026428710553693	0.00161892339008389	0.000698934125458676	394
mvr_mpagominimo_avg3	0.000263111569318856	0.00146863326556235	0.000873667656823344	395
ccomisiones_otras_delta2	0.000262881286763068	6.91204046668508e-05	0.000873667656823344	396
mv_cconsumos_lag1	0.00026125969771807	0.00207736233107045	0.00104840118818801	397
canarito27	0.000260216480254203	0.00183731113989093	0.00122313471955268	398
mv_Finiciomora_lag1	0.000259918940197666	0.000851868076343682	0.000349467062729338	399
canarito275	0.000259383976106528	9.07838460393248e-05	0.000873667656823344	400
canarito245	0.000258955166907944	0.000299888655366169	0.00104840118818801	401
canarito232	0.000258756672606139	0.000974923047053423	0.00104840118818801	402
Master_Fvencimiento	0.000258318813810278	8.87090650085978e-05	0.000698934125458676	403
Visa_fechaalta_lag2	0.000258111652122906	0.000260594445610521	0.000873667656823344	404
mcaja_ahorro_dolares_tend3	0.000257790267935792	0.000270130645747055	0.000873667656823344	405
canarito313	0.000255677289874784	0.000108823726175036	0.000873667656823344	406
canarito182	0.000255302448969772	0.000207536547608783	0.00104840118818801	407
mtransferencias_emitidas_delta1	0.000255283770577471	0.00100691168979947	0.00104840118818801	408
ccomisiones_otras_ratiomax3	0.000254190933213265	0.000444928512396807	0.000873667656823344	409
canarito284	0.000254167583017822	0.000254321398738276	0.00104840118818801	410
canarito109	0.000253499823877884	7.2968003291908e-05	0.00104840118818801	411
canarito161	0.000252892148418892	0.000355868780171748	0.000873667656823344	412
canarito167	0.000252876066126136	7.14581861099235e-05	0.00104840118818801	413
mvr_mpagominimo_lag1	0.000252235220570822	0.000272341797361962	0.000698934125458676	414
canarito39	0.000251764071134946	0.000126172012633838	0.000873667656823344	415
cprestamos_personales_tend6	0.000251717273721087	0.00221291469174462	0.000698934125458676	416
canarito294	0.000251602298558283	0.000157293728094744	0.000873667656823344	417
canarito147	0.000250982545209228	0.000486541022083502	0.000873667656823344	418
canarito179	0.000250957545623248	0.000130477426791497	0.000873667656823344	419
canarito2	0.000250855930229783	0.000370626025531145	0.00104840118818801	420
Master_Finiciomora	0.000248711846015692	0.00124650506544639	0.000524200594094007	421
mtransferencias_emitidas_ratioavg3	0.000248399164495225	0.000359170896460088	0.000698934125458676	422
ctarjeta_debito_ratioavg6	0.000248264214360393	0.00188026787390739	0.000873667656823344	423
ctrx_quarter_normalizado_tend3	0.0002476476745298	0.000136633584591589	0.000698934125458676	424
mrentabilidad_lag2	0.000247338003661578	7.51596733947887e-05	0.000698934125458676	425
mpasivos_margen_lag1	0.000246373918722307	0.000390341315701058	0.000873667656823344	426
mtarjeta_visa_debitos_automaticos_delta1	0.00024633879052599	0.00251326116264339	0.00104840118818801	427
mplazo_fijo_dolares	0.000245640942504138	0.00245441725557005	0.000873667656823344	428
matm_delta1	0.000245117224257569	0.000322584616876	0.000873667656823344	429
mcaja_ahorro_ratiomax6	0.000244765266073677	0.000149832308988937	0.000873667656823344	430
canarito237	0.000244367030871871	6.05777616436224e-05	0.000698934125458676	431
canarito233	0.000243087735934661	0.000233417736334801	0.000873667656823344	432
canarito151	0.000240648266750063	0.000667436601997268	0.00104840118818801	433
canarito247	0.00024057136575384	5.94088709220861e-05	0.000873667656823344	434
mtransferencias_recibidas_delta1	0.000239871397927038	0.000231907919152816	0.000873667656823344	435
mtransferencias_recibidas_avg3	0.000238704123362098	0.00149423197236399	0.000698934125458676	436
canarito20	0.000238325651445833	0.000117736517926751	0.000873667656823344	437
Master_mpagospesos_delta2	0.000237624025408224	0.000398163142779339	0.00104840118818801	438
canarito55	0.000237428227169025	0.000252577803411984	0.00104840118818801	439
mv_cconsumos_ratiomax3	0.000237262938244623	0.000146510711188571	0.000349467062729338	440
canarito269	0.000237255596839684	0.000506275793765441	0.000873667656823344	441
mpayroll_tend3	0.000236350816457487	0.000894191661219311	0.000698934125458676	442
canarito32	0.00023526884860632	0.000120405485074259	0.000873667656823344	443
canarito129	0.000234983377619575	0.000177603204381439	0.000873667656823344	444
ctarjeta_visa_debitos_automaticos_ratiomax3	0.000234872448020726	0.000424336554185741	0.000698934125458676	445
canarito49	0.000234608533774473	0.000133837987615915	0.000873667656823344	446
canarito267	0.000234101003663904	0.000428203634322824	0.00104840118818801	447
canarito223	0.000234001278748363	5.12850804074083e-05	0.000698934125458676	448
mv_Fvencimiento_lag1	0.000233781095402012	0.000145906784315778	0.000873667656823344	449
ctarjeta_visa_trx_avg3	0.000233653251464912	0.000595296562966448	0.000873667656823344	450
canarito144	0.000233547378821006	0.000119032038476454	0.000873667656823344	451
canarito287	0.000233080592478814	0.000188035554071151	0.000873667656823344	452
canarito160	0.000232703446543177	0.000228576580596437	0.00104840118818801	453
canarito57	0.000231667097129744	0.00017659990651212	0.000873667656823344	454
mcuenta_debitos_automaticos_delta2	0.000231622301917233	0.00124192691012037	0.000873667656823344	455
canarito355	0.000230755760346661	7.89585682397819e-05	0.000873667656823344	456
canarito203	0.000229664407727947	5.68373113347061e-05	0.000698934125458676	457
canarito298	0.000229628982582531	5.17234144279844e-05	0.000698934125458676	458
mv_mpagospesos_ratioavg3	0.000229254332783375	0.000297365799558853	0.000873667656823344	459
canarito254	0.000229159676583138	0.00012516871476452	0.000873667656823344	460
canarito48	0.000228067233191003	0.00013587380562259	0.000873667656823344	461
mpasivos_margen_tend3	0.000227019779057325	0.000202812280942573	0.000524200594094007	462
chomebanking_trx_delta2	0.000226719219528272	7.98839400609982e-05	0.000698934125458676	463
Master_cconsumos_avg3	0.000226342308799841	0.00148158847105938	0.000698934125458676	464
canarito210	0.000225991256163695	6.11524662483778e-05	0.000698934125458676	465
canarito14	0.00022571317950351	0.000388500312814639	0.000873667656823344	466
canarito79	0.000225449879736085	0.000102969531811342	0.000873667656823344	467
Master_msaldopesos	0.000225388899327664	0.000133721098543761	0.000524200594094007	468
Master_mpagominimo_tend3	0.000225328833287258	0.00115551666353079	0.000698934125458676	469
ctarjeta_debito_trx_lag1	0.00022520242705421	0.0006857200010333	0.000873667656823344	470
canarito88	0.000224409378915455	9.56444832897136e-05	0.000873667656823344	471
canarito132	0.000223899443811197	0.000168631968093647	0.000524200594094007	472
canarito103	0.000223837063919896	0.000140296108852403	0.000873667656823344	473
Visa_mpagospesos_ratiomax3	0.000223334652506163	0.000108852948443075	0.000524200594094007	474
Visa_mpagospesos_lag2	0.000223317382417013	0.000116820886861548	0.000873667656823344	475
mvr_msaldopesos2	0.000223312845858014	0.000526702159124289	0.000698934125458676	476
canarito366	0.000222993807862786	4.88791136722459e-05	0.000698934125458676	477
canarito301	0.000222959943905205	0.000115155217583358	0.000873667656823344	478
cextraccion_autoservicio_ratiomax3	0.000222843037103216	9.08715128434401e-05	0.000524200594094007	479
ctarjeta_visa_debitos_automaticos_avg3	0.000220838210255928	0.00155561821675668	0.000698934125458676	480
ccaja_ahorro_delta2	0.000220700084823806	0.000227173911730594	0.000349467062729338	481
canarito334	0.000220189808669099	0.000104898201501877	0.000698934125458676	482
canarito266	0.000219192827061885	0.000157751543627346	0.000698934125458676	483
canarito154	0.000218987156000186	6.0996614152173e-05	0.000698934125458676	484
Master_mpagospesos	0.000218957519892144	0.000623505792379526	0.000873667656823344	485
canarito115	0.000218185555139378	0.00022865450664454	0.000873667656823344	486
canarito248	0.000217806468744285	4.68335549095573e-05	0.000698934125458676	487
canarito156	0.000217600312567723	0.000101518159165434	0.000873667656823344	488
mrentabilidad_annual_lag1	0.000217121410114296	0.000144640486034113	0.000698934125458676	489
mprestamos_personales_avg3	0.000216625278732981	0.000251467357226525	0.000349467062729338	490
mpayroll_sobre_edad_ratioavg3	0.000216122414545374	0.00129763429375759	0.000349467062729338	491
Visa_mconsumospesos_delta2	0.000215401713203303	0.000101245417997075	0.000698934125458676	492
canarito172	0.000214969866891663	8.94298809535452e-05	0.000873667656823344	493
canarito263	0.000214911847153956	0.000250775763549616	0.000873667656823344	494
Visa_fechaalta_lag1	0.000214868751313512	3.56219447388209e-05	0.000349467062729338	495
canarito117	0.000214433835547825	8.07898303701889e-05	0.000698934125458676	496
mpayroll_delta2	0.000213707747960721	0.000738173972162244	0.000524200594094007	497
mcomisiones_mantenimiento_delta2	0.000213659492262181	0.000484738982221133	0.000698934125458676	498
ctarjeta_debito_avg6	0.000213443821954108	0.000261578261967814	0.000873667656823344	499
canarito360	0.000213197445345203	0.00022608294705716	0.000873667656823344	500
Master_msaldopesos_avg3	0.000212217725006869	0.00044316543555849	0.000524200594094007	501
Visa_mfinanciacion_limite_avg3	0.000211970722158776	8.44815768990412e-05	0.000524200594094007	502
canarito92	0.000211081183203572	0.000192438375788938	0.000873667656823344	503
canarito137	0.000211052146873907	9.0774105283312e-05	0.000698934125458676	504
canarito244	0.000210815931216331	0.000115651996140011	0.000698934125458676	505
canarito338	0.000210547962585853	6.07336137398273e-05	0.000698934125458676	506
ctransferencias_recibidas_lag2	0.000209777973573623	0.000593718560492374	0.000698934125458676	507
mv_cconsumos_tend3	0.0002085718251376	0.00195482362042939	0.000698934125458676	508
Visa_mconsumosdolares_delta1	0.000206069758495035	0.000193159191733885	0.000698934125458676	509
Master_mfinanciacion_limite_lag2	0.000206029094109091	4.20118806832198e-05	0.000698934125458676	510
mautoservicio_ratiomax6	0.000205982843551988	0.000120600300194515	0.000698934125458676	511
canarito246	0.000205076763649974	3.98494328483775e-05	0.000524200594094007	512
canarito205	0.00020506817564684	0.000116557886449202	0.000698934125458676	513
mrentabilidad_tend3	0.000204588455848371	0.000150251161497488	0.000698934125458676	514
canarito15	0.000203953164123224	0.000138114179505535	0.000698934125458676	515
canarito175	0.000203905425880539	0.000153192869813354	0.000698934125458676	516
canarito42	0.000203226029864051	0.000120658744730592	0.000698934125458676	517
canarito3	0.000202828423841523	0.000258558627603845	0.000873667656823344	518
ccuenta_debitos_automaticos_delta2	0.000202722577658427	0.00144935630941301	0.000698934125458676	519
canarito349	0.000201972487175882	4.70868145658902e-05	0.000698934125458676	520
mvr_mconsumospesos	0.000201115121626461	0.000111853101295018	0.000698934125458676	521
canarito364	0.000200927120506164	7.1234148721629e-05	0.000698934125458676	522
Visa_Fvencimiento_lag1	0.000200814462134345	9.33846278947433e-05	0.000698934125458676	523
mpayroll_sobre_edad_delta1	0.0002004092118776	0.00109400378930994	0.000698934125458676	524
catm_trx_other_avg3	0.000200000333549692	0.00350121734124194	0.000873667656823344	525
Visa_mpagado_ratioavg3	0.000199272243761241	0.000164949962320808	0.000524200594094007	526
mvr_msaldopesos_delta2	0.000199013013078491	0.000976228308359139	0.000698934125458676	527
cpayroll_trx_ratiomax6	0.000198214028897858	3.68492799964341e-05	0.000174733531364669	528
Visa_cconsumos_tend3	0.000198166517042109	0.000223404239153639	0.000698934125458676	529
Visa_mpagospesos_lag1	0.000196983856985763	0.000413709389375773	0.000698934125458676	530
mv_mpagominimo_lag2	0.000195933224614705	0.000557064095616196	0.000349467062729338	531
Master_mpagominimo	0.000195174875419115	0.00114607787095439	0.000698934125458676	532
canarito318	0.000194844085883824	3.70635766287158e-05	0.000524200594094007	533
Master_mfinanciacion_limite_ratioavg3	0.000194211272654618	0.00259199569349488	0.000698934125458676	534
canarito56	0.000194020010974418	0.000169148228162326	0.000698934125458676	535
canarito84	0.000191943819320534	0.000373626178383088	0.000698934125458676	536
canarito337	0.000191736107836317	5.58047911973489e-05	0.000698934125458676	537
tmobile_app_tend3	0.000191732153415155	0.000142770260879655	0.000524200594094007	538
mv_fultimo_cierre_lag1	0.000191336814202081	0.000433220123669418	0.000698934125458676	539
mrentabilidad_annual_lag2	0.00019087957433239	0.000120171706929952	0.000524200594094007	540
canarito341	0.0001903928041979	7.68643056970292e-05	0.000698934125458676	541
canarito327	0.00018979928821275	3.89435425391868e-05	0.000698934125458676	542
canarito260	0.000188829658263582	4.5265293191496e-05	0.000698934125458676	543
canarito78	0.000188766031774085	5.792827600814e-05	0.000698934125458676	544
canarito270	0.000188758904995723	0.000202218094825792	0.000698934125458676	545
ctransferencias_emitidas_ratiomax3	0.000188375243820461	0.000674440205570473	0.000698934125458676	546
ctarjeta_debito_trx_tend6	0.000188235083846002	0.000232657957365802	0.000698934125458676	547
mcaja_ahorro_dolares_avg6	0.000187438675184281	0.0001791714660995	0.000698934125458676	548
canarito53	0.000187246784324803	0.000280972107189305	0.000698934125458676	549
canarito235	0.000187059553508108	4.9220040132694e-05	0.000698934125458676	550
canarito354	0.000187009075101465	5.16649698919076e-05	0.000524200594094007	551
Master_mpagospesos_avg3	0.000186905980842688	0.000861618573112498	0.000698934125458676	552
canarito319	0.000185267777348629	0.000103505273392046	0.000698934125458676	553
cmobile_app_trx_ratiomax3	0.000185095032355774	0.000379597261818937	0.000698934125458676	554
canarito339	0.000184594820129423	0.000100885010024602	0.000524200594094007	555
Visa_Fvencimiento_lag2	0.000184584188763681	0.000322496950071885	0.000698934125458676	556
canarito250	0.00018443340624375	4.55088120918161e-05	0.000524200594094007	557
canarito54	0.000184081768529677	0.000217121451525381	0.000698934125458676	558
thomebanking_avg3	0.00018368912243912	0.000537621546614641	0.000698934125458676	559
ctrx_quarter_normalizado_delta1	0.000182657042036489	0.00014476711586228	0.000698934125458676	560
canarito16	0.000181329232672812	0.000711825227147612	0.000873667656823344	561
canarito323	0.000180964996672731	7.09711483092834e-05	0.000698934125458676	562
canarito163	0.000180927372339933	0.000118535259919801	0.000698934125458676	563
canarito239	0.000180719128699411	5.89802776575227e-05	0.000698934125458676	564
mv_mpagospesos_lag1	0.000180184664423587	0.000163761590087246	0.000698934125458676	565
canarito148	0.000179231534259967	4.14663983465028e-05	0.000698934125458676	566
canarito357	0.000179169074986234	9.61899656264305e-05	0.000698934125458676	567
ctarjeta_debito_trx_ratioavg6	0.000178894473512528	2.18777380047557e-05	0.000524200594094007	568
ctarjeta_visa_debitos_automaticos_lag1	0.000178461862777466	0.0011413730858002	0.000524200594094007	569
canarito138	0.000178353499877259	0.000120249632978054	0.000698934125458676	570
canarito173	0.000177571471196137	0.000327844625122914	0.000698934125458676	571
mplazo_fijo_dolares_delta2	0.000177403789038407	0.00119692461734122	0.000698934125458676	572
cseguro_vida_ratiomax6	0.000177294188360275	0.00342599922331108	0.000698934125458676	573
canarito317	0.0001772049095848	0.00016325507077458	0.000698934125458676	574
mvr_msaldodolares_lag1	0.000176453548983339	0.000854819525415561	0.000698934125458676	575
canarito85	0.000175632002551405	3.77259480375864e-05	0.000524200594094007	576
mcomisiones_mantenimiento_lag1	0.000175546739938984	0.000280485069388665	0.000524200594094007	577
canarito122	0.000174758051953823	2.62415966984915e-05	0.000524200594094007	578
mvr_msaldototal_lag2	0.000174425548346013	0.000471306479679478	0.000524200594094007	579
mforex_sell_delta1	0.000174417054425762	0.000153592240809879	0.000349467062729338	580
canarito222	0.000174382640671335	7.68156019169652e-05	0.000698934125458676	581
canarito131	0.000173559262563279	8.51926520879759e-05	0.000524200594094007	582
canarito335	0.000172635830249592	4.18073248069509e-05	0.000524200594094007	583
Visa_msaldopesos_lag1	0.000172601713444264	0.000434496162707095	0.000698934125458676	584
mactivos_margen_lag2	0.000172282751891378	0.000254116842862007	0.000524200594094007	585
canarito331	0.000170929299061993	0.000159310064589395	0.000698934125458676	586
ctarjeta_master_trx_avg3	0.00017013243468631	0.000263555635438413	0.000349467062729338	587
tpaquete9	0.000169846969579745	0.000303999254403572	0.000349467062729338	588
canarito289	0.000169348639011048	0.00011707414651788	0.000698934125458676	589
mcomisiones_mantenimiento_tend3	0.00016916626522317	0.000238882300457983	0.000524200594094007	590
mv_msaldopesos_lag2	0.000168388673137984	0.000147280230913583	0.000349467062729338	591
mcomisiones_otras	0.000168038943542375	0.0018587408031191	0.000698934125458676	592
mvr_Visa_mlimitecompra_avg3	0.000167945548640783	0.000173570531392138	0.000698934125458676	593
cextraccion_autoservicio_tend3	0.000167618151969448	0.00070897118563586	0.000698934125458676	594
Master_fechaalta_lag2	0.000167460930652235	0.000349547029519439	0.000524200594094007	595
cliente_edad_ratioavg3	0.000166829472804557	0.00115158139810162	0.000698934125458676	596
mcomisiones_otras_tend3	0.000166409522097395	0.000234917812760772	0.000698934125458676	597
Visa_mconsumospesos_lag2	0.000166323918434525	6.42695081724748e-05	0.000524200594094007	598
ctarjeta_visa_trx_delta2	0.000166107689509336	5.9710834358483e-05	0.000524200594094007	599
canarito195	0.00016545480134504	0.000109193874903523	0.000698934125458676	600
canarito340	0.000164291451800362	0.000212153665958851	0.000698934125458676	601
canarito142	0.000164189136665457	0.000853397375037692	0.000698934125458676	602
mvr_mpagominimo_ratioavg3	0.000163483218096326	2.07575510632834e-05	0.000349467062729338	603
mv_mpagado_avg3	0.000162805221562717	0.000100125231055603	0.000524200594094007	604
canarito10	0.000162599462298316	5.75678680356663e-05	0.000698934125458676	605
Visa_msaldodolares_lag1	0.000162469516196806	0.000368005762163701	0.000524200594094007	606
mpasivos_margen_delta1	0.000162057850663499	5.48307155960686e-05	0.000698934125458676	607
canarito63	0.000161971509038018	3.79207631578424e-05	0.000524200594094007	608
canarito240	0.000161841707000923	0.000479917307994796	0.000698934125458676	609
Visa_msaldototal_tend3	0.000161474451528326	8.98097704380445e-06	0.000174733531364669	610
mvr_msaldototal_tend3	0.000160703048332766	0.000361810641339558	0.000349467062729338	611
mv_cconsumos	0.000160667731970683	0.000305265552685236	0.000524200594094007	612
canarito169	0.000160047420004512	7.88416791676282e-05	0.000698934125458676	613
mforex_sell_tend3	0.000159510077380497	0.000221534013999181	0.000524200594094007	614
canarito36	0.000159457837859894	0.000150192716961411	0.000698934125458676	615
Visa_mconsumosdolares_ratiomax3	0.000159377576340705	7.01237025361695e-05	0.000524200594094007	616
mcomisiones	0.000159294918648098	0.00202251213396236	0.000524200594094007	617
canarito219	0.000159080177408492	8.02735703015103e-05	0.000524200594094007	618
mactivos_margen_tend3	0.000159053125639634	8.12184236347522e-05	0.000524200594094007	619
mvr_mconsumospesos_delta2	0.000158521719057497	0.000280056476124102	0.000524200594094007	620
canarito72	0.000158428550542842	5.94478339461373e-05	0.000524200594094007	621
canarito295	0.000158140236488986	0.000333318930002109	0.000698934125458676	622
Master_mpagominimo_lag1	0.000158105887416541	0.000132133355313674	0.000524200594094007	623
canarito153	0.000158050778368017	0.000247561314065391	0.000524200594094007	624
canarito304	0.000157591501015898	0.000114385697858347	0.000524200594094007	625
canarito166	0.000157413475621253	0.000325613991995982	0.000698934125458676	626
cmobile_app_trx_avg3	0.000157241180462182	3.98007290683134e-05	0.000349467062729338	627
canarito209	0.000157128366265589	0.000128363682736719	0.000524200594094007	628
canarito61	0.000157065651204019	0.000175966757371288	0.000698934125458676	629
cextraccion_autoservicio	0.000157063272671141	0.000141445518061914	0.000524200594094007	630
canarito93	0.000156960128430833	0.00074528472405159	0.000698934125458676	631
canarito146	0.000156400041269932	9.25858859016934e-05	0.000524200594094007	632
chomebanking_trx_lag2	0.000155142020824566	7.28121511957031e-05	0.000524200594094007	633
canarito118	0.000154859830978354	5.94186116780989e-05	0.000524200594094007	634
canarito159	0.000154495530296292	0.000175596608642801	0.000698934125458676	635
canarito29	0.000154277675501287	7.91728648720635e-05	0.000524200594094007	636
mvr_mpagospesos_tend3	0.00015415802559525	0.000514341139744042	0.000524200594094007	637
Master_msaldototal_lag2	0.000154145959465547	0.000537144249570014	0.000349467062729338	638
canarito280	0.000153957396788044	0.000408702640785192	0.000698934125458676	639
canarito62	0.000153790193864997	0.000222751608500781	0.000698934125458676	640
mv_cconsumos_ratioavg3	0.000151895441050344	0.00021659545070069	0.000524200594094007	641
canarito18	0.000151099467521956	8.80466935997272e-05	0.000524200594094007	642
canarito369	0.000150865295226988	3.22711246704167e-05	0.000524200594094007	643
mautoservicio_lag2	0.000150244504026133	9.32190350425256e-05	0.000524200594094007	644
canarito365	0.000150142550522309	0.000404903745940199	0.000698934125458676	645
mcomisiones_delta2	0.000149802831933434	4.68335549095573e-05	0.000524200594094007	646
canarito26	0.000149067603606261	0.000181022209741933	0.000524200594094007	647
canarito178	0.000149021655878436	0.000387506755701333	0.000524200594094007	648
canarito271	0.000148936290362863	2.55987068016465e-05	0.000524200594094007	649
canarito305	0.000148887158517478	3.93234320236861e-05	0.000524200594094007	650
canarito155	0.000148671632273819	3.86805421268411e-05	0.000524200594094007	651
mplazo_fijo_dolares_lag1	0.000148363504952891	0.000350199660172297	0.000349467062729338	652
Visa_mconsumosdolares_ratioavg3	0.000148250875981973	6.99581096839518e-05	0.000524200594094007	653
canarito152	0.000147911851254358	2.80631180728857e-05	0.000524200594094007	654
mtarjeta_visa_debitos_automaticos_lag1	0.000147906479709776	2.69526718874262e-05	0.000349467062729338	655
ctrx_quarter_normalizado_delta2	0.000147753533283544	0.000558622616578245	0.000349467062729338	656
canarito274	0.000147294526419712	4.59374053563794e-05	0.000524200594094007	657
Visa_mpagospesos	0.00014725113363017	0.000250162095920809	0.000524200594094007	658
cproductos_delta2	0.000146583377430322	0.000574266270734806	0.000349467062729338	659
mplazo_fijo_dolares_ratioavg3	0.00014641843249646	0.000908413164998004	0.000349467062729338	660
canarito290	0.000146415101374395	7.40881902333803e-05	0.000524200594094007	661
mpagomiscuentas_avg3	0.000146265289084192	0.000132688578406404	0.000349467062729338	662
cplazo_fijo_tend6	0.000146070505176072	0.000681609401995897	0.000524200594094007	663
canarito343	0.000146032128180212	0.0001261427903658	0.000524200594094007	664
canarito347	0.000145675883344978	7.14874083779619e-05	0.000524200594094007	665
mv_mconsumosdolares_avg3	0.000145555045642548	0.000442035507861004	0.000524200594094007	666
canarito34	0.000145554972140296	0.000126980495382901	0.000524200594094007	667
Master_mfinanciacion_limite_lag1	0.000145224361950499	6.65001412994067e-05	0.000349467062729338	668
ctarjeta_debito_trx_avg6	0.000145161073571363	0.000410718977279842	0.000524200594094007	669
Visa_delinquency_avg3	0.000144861390189155	0.000141727999986285	0.000349467062729338	670
canarito201	0.000144775898249707	0.000108326947618383	0.000524200594094007	671
mv_mpagospesos_avg3	0.000142781491081675	3.38491271444908e-05	0.000524200594094007	672
mvr_msaldopesos	0.000142656549013488	0.000185746476408142	0.000349467062729338	673
canarito286	0.000142285730151711	8.8650620472521e-05	0.000349467062729338	674
Visa_mfinanciacion_limite_lag2	0.000142102068604376	3.77649110616376e-05	0.000524200594094007	675
canarito162	0.000141890582044492	3.91578391714684e-05	0.000524200594094007	676
canarito23	0.000141890205712961	8.98097704380445e-05	0.000524200594094007	677
ctarjeta_debito_trx_tend3	0.000141443150315319	0.000224982241627713	0.000524200594094007	678
matm_other_avg3	0.000141360489682623	0.000883301495996997	0.000524200594094007	679
internet_delta1	0.000139934822360607	3.38978309245548e-05	0.000349467062729338	680
cliente_antiguedad_ratioavg3	0.00013987152810129	0.000238570596265573	0.000349467062729338	681
mvr_msaldopesos2_lag2	0.000139351476147056	0.000168729375653775	0.000524200594094007	682
canarito197	0.000139119017924606	4.68238141535445e-05	0.000524200594094007	683
Visa_mpagominimo_tend3	0.000138693375203042	9.17189586165539e-05	0.000174733531364669	684
Visa_mlimitecompra_lag2	0.000137900671054827	0.000220676827470054	0.000524200594094007	685
cmobile_app_trx_delta1	0.000137413348183402	5.28046383454056e-05	0.000524200594094007	686
canarito292	0.000137386346396075	0.000334497561479658	0.000524200594094007	687
mvr_mconsumospesos_ratioavg3	0.00013733934023582	4.91128918165532e-05	0.000524200594094007	688
canarito77	0.000137156316688034	8.42575395107468e-05	0.000524200594094007	689
mcuenta_debitos_automaticos_lag1	0.000136135952544386	0.000134081506516235	0.000524200594094007	690
canarito113	0.000135729670316021	2.0728328795245e-05	0.000524200594094007	691
cliente_vip_ratioavg6	0.000135534562997992	0.00474695288696332	0.000698934125458676	692
canarito44	0.00013549398093457	3.03034919558304e-05	0.000349467062729338	693
canarito89	0.000134438500354964	5.18500442561509e-05	0.000524200594094007	694
canarito65	0.000134400820160455	5.27169715412904e-05	0.000524200594094007	695
canarito316	0.000134225076275715	0.000181538469810611	0.000524200594094007	696
Master_mlimitecompra_lag2	0.00013337530203889	0.000426430816728494	0.000524200594094007	697
canarito116	0.000132602081867658	5.78893129840888e-05	0.000524200594094007	698
canarito344	0.000131972940810966	5.50352714723375e-05	0.000524200594094007	699
cpayroll_trx_ratiomax3	0.000131894558009341	0.00265562231177051	0.000524200594094007	700
mtarjeta_visa_consumo_delta2	0.000131144999683101	0.000490310694660457	0.000524200594094007	701
canarito311	0.000131042249414863	5.11389690672162e-05	0.000524200594094007	702
canarito176	0.000130597737195144	0.000103368902807866	0.000524200594094007	703
canarito188	0.000130393550878937	0.000107041167824693	0.000524200594094007	704
canarito226	0.000130032484295966	8.49101701636046e-05	0.000524200594094007	705
canarito189	0.000130006185190169	4.27619188962056e-05	0.000524200594094007	706
cextraccion_autoservicio_avg3	0.000129654938508077	3.37906826084139e-05	0.000174733531364669	707
cplazo_fijo_ratiomax3	0.000128907791055705	0.00158905823214863	0.000349467062729338	708
mcaja_ahorro_dolares_tend6	0.000128539283104733	9.0131215386467e-05	0.000524200594094007	709
Master_mpagominimo_delta2	0.000128434318948663	0.000182015766855239	0.000524200594094007	710
Visa_msaldototal_delta2	0.000128014047771682	0.000624996128049485	0.000524200594094007	711
mcomisiones_otras_lag2	0.000127840097341893	7.82961968309113e-05	0.000349467062729338	712
canarito208	0.000127805498361791	0.000100651231880294	0.000524200594094007	713
mv_mpagominimo_delta2	0.000127691367004841	3.10632709248291e-05	0.000349467062729338	714
ccuenta_debitos_automaticos_lag2	0.000127246746001788	0.000369963654122274	0.000524200594094007	715
canarito121	0.000126563183877651	0.000133662654007684	0.000524200594094007	716
mvr_mpagado_delta2	0.000126468548258044	0.000943918220664671	0.000524200594094007	717
canarito200	0.000126198924356849	0.000282783887807687	0.000524200594094007	718
cextraccion_autoservicio_lag2	0.000126095577250325	1.6276803297394e-05	0.000349467062729338	719
canarito229	0.000126031083434254	6.797099545734e-05	0.000524200594094007	720
Visa_mconsumospesos_ratiomax3	0.0001259294945016	0.000110879025693738	0.000524200594094007	721
canarito67	0.00012592773044755	2.91638235023325e-05	0.000524200594094007	722
canarito38	0.000125667364890028	0.00018309699077266	0.000524200594094007	723
canarito43	0.000125171739204207	4.47879961468686e-05	0.000524200594094007	724
canarito81	0.000124659957723378	5.11487098232291e-05	0.000524200594094007	725
cseguro_vida_ratioavg6	0.000124659604912568	0.000626963760764071	0.000524200594094007	726
canarito186	0.000124445910345031	0.000808463267550631	0.000524200594094007	727
canarito185	0.000124216324590593	0.000601949499323193	0.000524200594094007	728
mrentabilidad_delta2	0.000123960977766843	3.94013580717885e-05	0.000524200594094007	729
canarito307	0.00012378578955913	3.97909883123006e-05	0.000524200594094007	730
mv_mlimitecompra_avg3	0.000123765226569086	0.00061191429272429	0.000524200594094007	731
canarito31	0.000123321669878643	3.81935043262009e-05	0.000524200594094007	732
canarito199	0.000123143862050665	5.26974900292647e-05	0.000349467062729338	733
Master_msaldototal	0.000122142849579946	0.000179775392972294	0.000349467062729338	734
canarito130	0.000122104801874176	0.000104479348993326	0.000524200594094007	735
mcaja_ahorro_tend6	0.000122077550179192	3.2154235598263e-05	0.000349467062729338	736
canarito184	0.000121343918320934	3.00599730555104e-05	0.000524200594094007	737
canarito91	0.000121275070231449	0.000184402252078375	0.000524200594094007	738
canarito168	0.000121176565453293	8.69752104383188e-05	0.000524200594094007	739
canarito60	0.000120951075244341	4.84894834317338e-05	0.000524200594094007	740
mvr_msaldopesos_tend3	0.000120466851227864	0.00264049491768262	0.000524200594094007	741
canarito45	0.000120325703383136	9.11539947678114e-05	0.000524200594094007	742
canarito47	0.000120278085684144	4.9814226249475e-05	0.000524200594094007	743
mvr_mpagominimo_tend3	0.000120055282717529	0.000740180567900882	0.000349467062729338	744
canarito358	0.000120006624226648	5.07006350466401e-05	0.000524200594094007	745
ccomisiones_otras_lag1	0.000119631748040555	6.59838812307282e-05	0.000349467062729338	746
mtarjeta_visa_consumo_ratioavg3	0.000119084291506652	6.33343955952457e-05	0.000349467062729338	747
ccomisiones_otras	0.000118963953619536	0.000199549127678284	0.000349467062729338	748
canarito157	0.000118908529981372	0.000345689690138369	0.000524200594094007	749
mautoservicio_avg6	0.000118448605809435	0.000631863361038511	0.000524200594094007	750
canarito345	0.000117047450018445	4.12715832262467e-05	0.000349467062729338	751
canarito255	0.000116817414430225	0.000105706684250939	0.000524200594094007	752
canarito6	0.000116188014645606	4.15735466626436e-05	0.000349467062729338	753
canarito279	0.000115985724687503	0.000277143990076274	0.000524200594094007	754
canarito257	0.00011586728903867	0.00206818653890639	0.000524200594094007	755
canarito134	0.000115721492911521	2.35239257709195e-05	0.000349467062729338	756
canarito95	0.000115271591506678	3.44238317492461e-05	0.000349467062729338	757
canarito238	0.000115269065969296	0.000423898220165165	0.000524200594094007	758
canarito258	0.000114902251510212	7.54811183432112e-05	0.000524200594094007	759
Visa_fechaalta_avg3	0.000114868072962992	3.73557993090999e-05	0.000349467062729338	760
mcheques_depositados_ratiomax3	0.000114667958671551	0.00248482789584202	0.000524200594094007	761
canarito230	0.000114483873751244	4.05118042572481e-05	0.000524200594094007	762
canarito21	0.000113869956481005	7.95624951125757e-05	0.000524200594094007	763
canarito171	0.000113223942247324	0.00018744136795437	0.000524200594094007	764
canarito264	0.000113112074759738	0.00010379749607243	0.000524200594094007	765
Visa_Finiciomora_lag1	0.000113069137684159	0.00034965417783558	0.000174733531364669	766
canarito13	0.000111970855273119	2.50921874889808e-05	0.000349467062729338	767
mv_fultimo_cierre_ratiomax3	0.000111527133937631	3.14334196533156e-05	0.000349467062729338	768
mpagomiscuentas_ratiomax3	0.000110575759007791	7.14484453539107e-05	0.000349467062729338	769
matm_avg3	0.000110343521292098	1.27701311327849e-05	0.000349467062729338	770
canarito297	0.000109359032127648	2.78683029526297e-05	0.000349467062729338	771
mtarjeta_visa_consumo_tend3	0.000108410462043748	0.000804167594148985	0.000349467062729338	772
Master_mpagominimo_avg3	0.000107734826402476	0.00359184533518506	0.000524200594094007	773
canarito353	0.000107265158772002	1.31792428853226e-05	0.000349467062729338	774
Visa_mconsumospesos_avg3	0.000106923290977276	3.04398625400097e-05	0.000349467062729338	775
mcaja_ahorro_dolares_lag1	0.000106407705019879	2.66312269390037e-05	0.000349467062729338	776
canarito35	0.000106328175583121	2.6368226526658e-05	0.000524200594094007	777
cliente_antiguedad	0.000106085147736821	5.58924580014642e-05	0.000349467062729338	778
mv_status02	0.000105745846640738	0.00157133005620533	0.000524200594094007	779
canarito107	0.00010555921560242	5.91263889977148e-05	0.000349467062729338	780
mpayroll_avg3	0.000105439015899537	3.59239081752178e-05	0.000174733531364669	781
canarito296	0.000105042274263493	2.86378226776411e-05	0.000349467062729338	782
mvr_mpagado_avg3	0.000104851874029688	0.000105278090986376	0.000349467062729338	783
canarito216	0.000104020901668946	6.73573278285334e-05	0.000349467062729338	784
canarito174	0.000103842161832412	1.67735818540469e-05	0.000349467062729338	785
canarito120	0.000103541802229484	0.00010452805277339	0.000349467062729338	786
mactivos_margen_ratiomax3	0.000103487919198525	4.22359180715142e-05	0.000349467062729338	787
cpagomiscuentas_ratiomax3	0.000102506393644879	8.02638295454975e-06	0.000174733531364669	788
ctarjeta_debito_tend6	0.000102234655818914	0.000840588280880856	0.000349467062729338	789
Visa_msaldototal_delta1	0.000101878443324671	0.00102895502065644	0.000349467062729338	790
canarito190	0.000101658324660302	2.36018518190219e-05	0.000349467062729338	791
cmobile_app_trx_ratioavg3	0.000101590734929373	9.43002589599467e-05	0.000349467062729338	792
ctarjeta_visa_descuentos_ratioavg3	0.000100471345611623	0.00177441507831626	0.000524200594094007	793
mv_mfinanciacion_limite_lag2	9.85539658636877e-05	4.66874435693652e-05	0.000349467062729338	794
ctarjeta_debito_ratiomax3	9.83973178640404e-05	0.00418115133320364	0.000524200594094007	795
mvr_msaldopesos2_delta2	9.83337031349043e-05	3.46381283815278e-05	0.000349467062729338	796
canarito108	9.82437216778997e-05	0.000233047587606314	0.000524200594094007	797
canarito145	9.81733535618419e-05	4.81680384833113e-05	0.000349467062729338	798
canarito111	9.78733467697246e-05	0.000301486139352269	0.000349467062729338	799
canarito249	9.77541172965697e-05	0.000140656516824877	0.000349467062729338	800
mv_msaldototal_ratioavg3	9.75577457398046e-05	3.8933801783174e-05	0.000349467062729338	801
canarito342	9.70262538950553e-05	5.20058963523557e-05	0.000349467062729338	802
Visa_mpagado_lag1	9.69865891397392e-05	0.000216049968363973	0.000349467062729338	803
canarito281	9.66573343314715e-05	0.00195395669314425	0.000524200594094007	804
mvr_mpagado	9.65981032766499e-05	0.000155102057991864	0.000349467062729338	805
mv_fechaalta_lag1	9.61477520380243e-05	0.000121681524111936	0.000349467062729338	806
canarito46	9.60353288734125e-05	2.14004409601284e-05	0.000349467062729338	807
mautoservicio	9.55699508343703e-05	0.00170044377715504	0.000349467062729338	808
mactivos_margen_delta1	9.53620247235772e-05	5.69054966267957e-05	0.000349467062729338	809
mcuenta_debitos_automaticos_lag2	9.49397866263297e-05	2.80923403409241e-05	0.000349467062729338	810
canarito259	9.47271181502319e-05	3.86123568347515e-05	0.000349467062729338	811
mvr_mconsumospesos_lag2	9.4473408956659e-05	5.25318971770471e-05	0.000349467062729338	812
ccomisiones_otras_tend3	9.44608753526332e-05	0.00014911149304399	0.000349467062729338	813
mcaja_ahorro_tend3	9.43467616362234e-05	2.03679208227713e-05	0.000349467062729338	814
mcheques_depositados_avg3	9.36778176399818e-05	0.000215562930563332	0.000349467062729338	815
canarito322	9.34149765266097e-05	2.17316266645637e-05	0.000349467062729338	816
ccuenta_debitos_automaticos	9.30361429792644e-05	0.000677079950449943	0.000349467062729338	817
canarito33	9.29566605839479e-05	4.402821717787e-05	0.000349467062729338	818
canarito288	9.29312229245457e-05	1.34032802736171e-05	0.000349467062729338	819
canarito204	9.28715185152207e-05	1.16109811672613e-05	0.000349467062729338	820
canarito285	9.27365389794885e-05	2.25206279016008e-05	0.000349467062729338	821
ctransferencias_recibidas_delta2	9.2340011970021e-05	0.00066459230124153	0.000349467062729338	822
tpaquete9_lag1	9.1333757318683e-05	0.00111275474463459	0.000349467062729338	823
canarito352	9.10133786423773e-05	3.94792841198909e-05	0.000349467062729338	824
ctransferencias_recibidas_ratiomax3	9.06625729737978e-05	1.9491252781619e-05	0.000349467062729338	825
Master_Fvencimiento_tend3	9.03546014776444e-05	0.000217929934274444	0.000174733531364669	826
ccajas_consultas_delta2	9.03521641429652e-05	0.000257662478050667	0.000349467062729338	827
canarito218	9.02038512987045e-05	0.000112573917239965	0.000349467062729338	828
Visa_Fvencimiento_delta2	8.99154461020566e-05	0.000465491248339834	0.000349467062729338	829
mplazo_fijo_dolares_lag2	8.95539502659335e-05	0.000223628276541933	0.000349467062729338	830
canarito215	8.88440331742887e-05	2.05822174550529e-05	0.000349467062729338	831
canarito82	8.81875639802713e-05	5.69834226748981e-05	0.000349467062729338	832
mpayroll_delta1	8.75423112299223e-05	0.00089880877956938	0.000349467062729338	833
canarito143	8.72996303142525e-05	3.75408736733431e-05	0.000349467062729338	834
mcomisiones_lag2	8.67991417194334e-05	9.40762215716523e-05	0.000349467062729338	835
canarito17	8.65382557659667e-05	0.00014011103448816	0.000349467062729338	836
ctarjeta_visa_trx_tend3	8.63204627128535e-05	0.00114036978793088	0.000349467062729338	837
canarito1	8.61734346879593e-05	1.71632120945591e-05	0.000349467062729338	838
Master_cconsumos_tend3	8.61400852461425e-05	0.000420401288756569	0.000349467062729338	839
canarito5	8.57597169717737e-05	5.34864912663018e-05	0.000349467062729338	840
canarito221	8.57296192695892e-05	0.000154936465139646	0.000349467062729338	841
ccuenta_debitos_automaticos_ratioavg3	8.52227271585683e-05	0.000895418996476925	0.000174733531364669	842
mtransferencias_recibidas_ratiomax3	8.51117799191785e-05	1.61209512011891e-05	0.000349467062729338	843
mpagomiscuentas_lag2	8.46287878004462e-05	0.000636275923512311	0.000349467062729338	844
ctarjeta_visa_debitos_automaticos_ratioavg3	8.42876285674305e-05	2.86573041896667e-05	0.000349467062729338	845
canarito71	8.40570990440757e-05	1.80398801357113e-05	0.000349467062729338	846
mautoservicio_tend3	8.39711219897647e-05	0.000250356911041065	0.000349467062729338	847
mv_Fvencimiento_avg3	8.38103255230097e-05	6.29837283787848e-05	0.000349467062729338	848
canarito170	8.35558107447539e-05	1.97932162180159e-05	0.000349467062729338	849
ctarjeta_visa_trx_avg6	8.31324583533647e-05	0.000314353678045181	0.000349467062729338	850
ctarjeta_visa_descuentos_avg3	8.2859488629655e-05	0.00107563272346979	0.000349467062729338	851
Visa_mpagado_tend3	8.27453690330651e-05	0.000563210512660275	0.000349467062729338	852
canarito293	8.27155065380873e-05	7.69909355251957e-05	0.000349467062729338	853
canarito124	8.21975008865509e-05	1.78158427474169e-05	0.000349467062729338	854
canarito194	8.18302512941346e-05	9.95700079628732e-05	0.000349467062729338	855
Visa_fultimo_cierre_ratiomax3	8.17133797732265e-05	1.79132503075449e-05	0.000349467062729338	856
canarito51	8.13284661195887e-05	9.3745035867217e-05	0.000349467062729338	857
mcaja_ahorro_dolares_ratiomax3	8.13270813371593e-05	0.0012128897164462	0.000349467062729338	858
ctarjeta_visa_trx_lag2	8.09753936415548e-05	2.57545588978514e-05	0.000349467062729338	859
mtarjeta_visa_consumo_lag2	8.06400851878052e-05	1.66079890018293e-05	0.000174733531364669	860
canarito346	8.06349282697988e-05	4.76322969026071e-05	0.000349467062729338	861
canarito265	8.04023612640162e-05	6.68702900278932e-05	0.000349467062729338	862
mtarjeta_master_consumo_ratioavg6	8.03137881101615e-05	5.36715656305451e-05	0.000174733531364669	863
Master_mpagado_avg3	8.02677198386436e-05	0.000139682441223596	0.000349467062729338	864
canarito112	8.00800333079851e-05	4.3287919720897e-05	0.000349467062729338	865
mv_mconsumosdolares_delta1	7.93656619798638e-05	0.000527267122973032	0.000349467062729338	866
canarito211	7.9345554703783e-05	0.000764590902468966	0.000349467062729338	867
Visa_Fvencimiento_avg3	7.90898932903947e-05	0.000207234584172386	0.000349467062729338	868
canarito165	7.90240617333357e-05	5.43047147713773e-05	0.000349467062729338	869
Master_msaldototal_ratiomax3	7.88714034359316e-05	0.000278283658529772	0.000349467062729338	870
mv_msaldototal_delta2	7.88389242607796e-05	4.1057286593965e-05	0.000349467062729338	871
mpagomiscuentas_ratioavg3	7.84261091522496e-05	1.98029569740287e-05	0.000174733531364669	872
mcomisiones_ratiomax3	7.79205489020365e-05	0.00018671081125341	0.000349467062729338	873
canarito236	7.73469549672919e-05	4.40184764218572e-05	0.000349467062729338	874
Master_fechaalta_delta2	7.72469095819316e-05	4.54698490677648e-05	0.000174733531364669	875
Visa_mpagominimo_lag2	7.71461791555818e-05	0.00031726616409301	0.000349467062729338	876
Visa_mlimitecompra_lag1	7.63769898478542e-05	3.66447241201652e-05	0.000174733531364669	877
canarito350	7.59442585690988e-05	3.0819752024509e-05	0.000349467062729338	878
mv_Fvencimiento_ratiomax3	7.42329056337628e-05	0.000660267405571845	0.000349467062729338	879
canarito30	7.37331520614646e-05	5.46066782077742e-05	0.000349467062729338	880
thomebanking_delta2	7.34718985967375e-05	9.80894130489271e-06	0.000174733531364669	881
canarito206	7.34162368112772e-05	8.04196816417023e-05	0.000349467062729338	882
cprestamos_personales	7.2404128440583e-05	5.08467463868322e-06	0.000174733531364669	883
canarito268	7.23876198347644e-05	7.60266006799281e-05	0.000349467062729338	884
canarito12	7.23538058587144e-05	3.22419024023782e-05	0.000349467062729338	885
mvr_mconsumospesos_lag1	7.20331713945714e-05	5.68957558707829e-05	0.000349467062729338	886
canarito302	7.18909886381348e-05	0.000203513615375495	0.000349467062729338	887
minversion1_pesos_avg6	7.10316326477273e-05	0.00196842171582326	0.000349467062729338	888
canarito191	7.03024756065763e-05	3.92260244635581e-05	0.000349467062729338	889
mcomisiones_otras_ratiomax3	6.99428967091876e-05	9.77971903685431e-06	0.000174733531364669	890
canarito41	6.93086986975525e-05	8.77447301633303e-05	0.000349467062729338	891
canarito321	6.92471126305741e-05	0.000676700060965444	0.000349467062729338	892
canarito99	6.79807423293713e-05	8.31860563493384e-05	0.000349467062729338	893
cmobile_app_trx_tend3	6.7460943222884e-05	0.000595686193206961	0.000349467062729338	894
Visa_mlimitecompra	6.71786710541501e-05	4.60250721604946e-05	0.000174733531364669	895
ccajas_consultas	6.71250790921087e-05	4.60737759405586e-05	0.000174733531364669	896
mv_msaldopesos_tend3	6.56453729143592e-05	1.12992769748516e-05	0.000174733531364669	897
mv_mfinanciacion_limite_delta2	6.54888836795764e-05	2.23452942933703e-05	0.000174733531364669	898
mv_mconsumospesos_lag1	6.21075448763788e-05	4.3531438621217e-05	0.000349467062729338	899
canarito214	6.17537226753736e-05	3.86318383467771e-05	0.000174733531364669	900
canarito96	6.09228061763436e-05	7.03282584124383e-06	0.000174733531364669	901
ccajas_consultas_lag2	6.04619940972009e-05	1.55559873524465e-05	0.000174733531364669	902
mvr_msaldopesos2_avg3	6.00695861539403e-05	6.20486158015557e-06	0.000174733531364669	903
Visa_fultimo_cierre	5.88051651324629e-05	3.8339615666393e-05	0.000174733531364669	904
canarito80	5.86872263588545e-05	1.10654988305443e-05	0.000174733531364669	905
canarito348	5.79615004028309e-05	0.000139360996275174	0.000174733531364669	906
Master_mfinanciacion_limite_avg3	5.77098639727668e-05	9.39982955235499e-06	0.000174733531364669	907
canarito133	5.63091050939387e-05	5.37689731906731e-06	0.000174733531364669	908
mtarjeta_master_consumo_delta2	5.63050418894433e-05	1.29259832289897e-05	0.000174733531364669	909
canarito330	5.58648339616057e-05	1.05784610299042e-05	0.000174733531364669	910
canarito164	5.54836865633647e-05	0.000138747328646367	0.000174733531364669	911
mtransferencias_recibidas_delta2	5.51999502297693e-05	2.84235260453594e-05	0.000174733531364669	912
Visa_msaldototal_lag2	5.48445756612001e-05	0.000230135101558486	0.000174733531364669	913
canarito228	5.47574255109459e-05	7.45167834979437e-06	0.000174733531364669	914
canarito101	5.47298180650621e-05	7.59778968998641e-06	0.000174733531364669	915
canarito22	5.45884879347497e-05	5.43534185514413e-06	0.000174733531364669	916
mv_mpagospesos_tend3	5.43386390794564e-05	1.24973899644264e-05	0.000174733531364669	917
Master_msaldopesos_lag1	5.36239208207052e-05	5.01161896858719e-05	0.000174733531364669	918
mv_mfinanciacion_limite_ratiomax3	5.31979664495922e-05	0.00048406687005625	0.000174733531364669	919
cproductos_lag2	5.18982878678338e-05	8.02638295454975e-06	0.000174733531364669	920
mvr_Master_mlimitecompra_lag2	5.1467235380516e-05	3.92357652195709e-05	0.000174733531364669	921
mplazo_fijo_dolares_ratioavg6	5.11928779342869e-05	0.000243090307055514	0.000174733531364669	922
canarito135	5.10760269940095e-05	4.10280643259266e-05	0.000174733531364669	923
canarito123	5.07940782351848e-05	2.06016989670785e-05	0.000174733531364669	924
canarito114	5.07298784281222e-05	1.24584269403752e-05	0.000174733531364669	925
mv_msaldopesos_ratioavg3	5.0435934101757e-05	1.12992769748516e-05	0.000174733531364669	926
Master_mconsumospesos_avg3	4.98170745400873e-05	4.77686674867864e-05	0.000174733531364669	927
mvr_msaldototal	4.90121425572149e-05	2.84332668013722e-05	0.000174733531364669	928
mvr_msaldopesos2_lag1	4.75861165442095e-05	1.48741344315503e-05	0.000174733531364669	929
mcaja_ahorro_adicional_lag2	4.72184700396318e-05	0.000375340551441342	0.000174733531364669	930
Master_Fvencimiento_avg3	4.69980426658038e-05	0.000411215755836495	0.000174733531364669	931
tpaquete9_ratioavg3	4.65823727298028e-05	0.000106271648099682	0.000174733531364669	932
canarito336	4.60795173624665e-05	1.53319499641521e-05	0.000174733531364669	933
Visa_fultimo_cierre_delta2	4.56535953323444e-05	8.1822350507546e-06	0.000174733531364669	934
mautoservicio_delta1	4.55971220820211e-05	4.12326202021955e-05	0.000174733531364669	935
canarito277	4.53014048813356e-05	1.36760214419755e-05	0.000174733531364669	936
Visa_mconsumospesos	4.51822636108831e-05	4.24112516797447e-05	0.000174733531364669	937
canarito37	4.51616388789475e-05	9.18261069326948e-05	0.000174733531364669	938
cplazo_fijo_ratioavg6	4.51509340109536e-05	0.000737365489413181	0.000174733531364669	939
cprestamos_personales_ratioavg3	4.4636021334185e-05	0.000113655141157387	0.000174733531364669	940
mv_status01_avg3	4.4591673015366e-05	0.000370509136458991	0.000174733531364669	941
mpayroll_lag2	4.4386043114928e-05	0.000144903486446459	0.000174733531364669	942
tpaquete9_avg6	4.43244658682198e-05	0.000122558192153089	0.000174733531364669	943
ccaja_ahorro_tend3	4.41629931807456e-05	7.25978545634215e-05	0.000174733531364669	944
canarito149	4.40517254715366e-05	0.000102151308306266	0.000174733531364669	945
ccuenta_debitos_automaticos_avg3	4.37441126663734e-05	2.48194463206223e-05	0.000174733531364669	946
canarito213	4.37087992443808e-05	2.17316266645637e-05	0.000174733531364669	947
Master_mlimitecompra	4.36771521147223e-05	7.85494564872441e-05	0.000174733531364669	948
canarito19	4.32548169945021e-05	3.05372701001377e-05	0.000174733531364669	949
canarito332	4.31711890721678e-05	2.41570749117517e-05	0.000174733531364669	950
canarito105	4.3149885179423e-05	1.53416907201649e-05	0.000174733531364669	951
tmobile_app_ratioavg3	4.2935726077653e-05	0.000515782771633937	0.000174733531364669	952
canarito192	4.2835060333285e-05	1.74164717508919e-05	0.000174733531364669	953
Visa_fultimo_cierre_lag2	4.27089804502356e-05	9.83816357293112e-06	0.000174733531364669	954
mvr_mpagospesos_ratiomax3	4.22230453013296e-05	0.000368901911716879	0.000174733531364669	955
canarito139	4.21609153176858e-05	1.46793193112943e-05	0.000174733531364669	956
mcomisiones_mantenimiento_lag2	4.0929734954692e-05	0.000250278984992963	0.000174733531364669	957
canarito262	4.0804654702271e-05	0.000274854912413265	0.000174733531364669	958
canarito59	4.07553876127422e-05	8.63030982734354e-06	0.000174733531364669	959
canarito241	4.07404196141273e-05	3.54368703745777e-05	0.000174733531364669	960
mpayroll_lag1	4.07366592389105e-05	0.000106972982532604	0.000174733531364669	961
mvr_Master_mlimitecompra_avg3	4.0168245742893e-05	7.66597498207604e-06	0.000174733531364669	962
canarito187	4.00635667755612e-05	5.045711614632e-05	0.000174733531364669	963
canarito351	4.00618144818714e-05	0.000182522286167904	0.000174733531364669	964
Master_msaldopesos_lag2	3.98761419129201e-05	1.36662806859627e-05	0.000174733531364669	965
Master_fultimo_cierre_lag1	3.90895854930694e-05	0.000962474360869061	0.000174733531364669	966
canarito125	3.86237899612353e-05	8.87577687886618e-05	0.000174733531364669	967
canarito177	3.86046411545217e-05	6.88184412304539e-05	0.000174733531364669	968
ctarjeta_debito_trx_avg3	3.85676636415419e-05	1.2020092919799e-05	0.000174733531364669	969
cpayroll_trx_delta2	3.85370102623316e-05	8.95954738057629e-05	0.000174733531364669	970
mv_msaldototal_tend3	3.78884675511792e-05	0.000450363854251951	0.000174733531364669	971
canarito328	3.76041137986663e-05	4.89180766962971e-05	0.000174733531364669	972
canarito76	3.7365008032538e-05	2.8443007557385e-05	0.000174733531364669	973
mautoservicio_tend6	3.73415255330413e-05	2.81897479010522e-05	0.000174733531364669	974
ccomisiones_otras_lag2	3.73220827173193e-05	0.000709438741924475	0.000174733531364669	975
canarito4	3.72780607484995e-05	1.11629063906723e-05	0.000174733531364669	976
mvr_mconsumosdolares_tend3	3.71825930833991e-05	8.8699324252585e-05	0.000174733531364669	977
canarito126	3.7119398787145e-05	3.43946094812077e-05	0.000174733531364669	978
canarito312	3.70993238520551e-05	1.09875727824419e-05	0.000174733531364669	979
canarito251	3.63925526567996e-05	0.000133623690983633	0.000174733531364669	980
mpasivos_margen_lag2	3.62266227927587e-05	4.18657693430277e-05	0.000174733531364669	981
mtarjeta_master_consumo_avg6	3.58930254714378e-05	0.000309424855502703	0.000174733531364669	982
canarito261	3.57685420573036e-05	6.53215098218576e-05	0.000174733531364669	983
Master_mfinanciacion_limite_delta2	3.49357909420615e-05	0.000646464754301703	0.000174733531364669	984
chomebanking_trx_ratiomax3	3.48372038413826e-05	7.92897539442172e-06	0.000174733531364669	985
canarito8	3.47353620609812e-05	4.13982130544131e-05	0.000174733531364669	986
canarito90	3.45024687051993e-05	1.61696549812531e-05	0.000174733531364669	987
Master_mpagospesos_lag2	3.44641269904208e-05	1.88873259088252e-05	0.000174733531364669	988
canarito25	3.41080497403216e-05	1.28577979369001e-05	0.000174733531364669	989
canarito309	3.39100670141908e-05	0.000535965618092465	0.000174733531364669	990
canarito272	3.36685974156354e-05	5.23078597887526e-06	0.000174733531364669	991
canarito361	3.31837265793397e-05	0.000122451043836948	0.000174733531364669	992
mv_cconsumos_delta1	3.2996772131112e-05	0.000179327318195705	0.000174733531364669	993
mforex_buy_ratioavg3	3.26038290914561e-05	0.00105221594601502	0.000174733531364669	994
mautoservicio_delta2	3.21820026068203e-05	0.000895243662868694	0.000174733531364669	995
ctarjeta_visa_trx_ratiomax3	2.99438884316793e-05	0.000145682746927483	0.000174733531364669	996
canarito333	2.95593481694821e-05	1.879965910471e-05	0.000174733531364669	997
mprestamos_prendarios_avg3	2.67014541844753e-05	0.000791134462603855	0.000174733531364669	998
