Feature	Gain	Cover	Frequency	pos
ctrx_quarter_normalizado	0.240565433259059	0.0155615698912122	0.00267889341095255	1
ctrx_quarter	0.0371395182537283	0.00423489219478782	0.00164854979135542	2
mtarjeta_visa_consumo	0.0278860536320913	0.0094374178893509	0.00293647931585184	3
mcaja_ahorro	0.0261129294953293	0.00372798004508494	0.00175158415331513	4
mdescubierto_preacordado_tend6	0.0252850689573974	0.00142106836596039	0.000824274895677709	5
mcuentas_saldo	0.0180672400219647	0.00784761114920846	0.00406985729740869	6
cpayroll_trx	0.0132432447115216	0.00641191881348651	0.00206068723919427	7
mv_status06_ratioavg3	0.0120496937495567	0.000978653329116625	0.000309103085879141	8
mcuentas_saldo_avg3	0.00925470393026234	0.00046237381445371	0.000824274895677709	9
cproductos_ratioavg6	0.0090991152780756	0.00391425970268943	0.00200917005821441	10
mpayroll_sobre_edad	0.0085435070517314	0.00744434523764594	0.00180310133429499	11
ctarjeta_visa_trx_ratioavg6	0.0074377457136549	0.00531585891011583	0.00252434186801298	12
foto_mes	0.00672218945448648	0.00837361844287343	0.00638813044150224	13
mprestamos_personales_ratioavg3	0.00664753161033108	0.00770877694011661	0.0015455154293957	14
mpasivos_margen	0.00605398666674738	0.00200482350952779	0.00180310133429499	15
ctarjeta_visa_ratioavg6	0.00598339359463973	0.00082515774880602	0.000103034361959714	16
mprestamos_personales_ratioavg6	0.00478472983179495	0.00230692527965444	0.00216372160115399	17
mv_status01	0.00443032314438588	0.00287164988177671	0.000618206171758281	18
cpayroll_trx_ratioavg6	0.0043665778247283	0.00644692997754947	0.00144248106743599	19
mv_status07_ratioavg3	0.00435227281639801	0.00178317227381833	0.000257585904899284	20
mprestamos_personales_delta3	0.00425814740153676	0.00422408997392466	0.00159703261037556	21
mcuenta_corriente	0.00417657940320897	0.00216152541475938	0.00200917005821441	22
mprestamos_personales_lag3	0.00397616031351282	0.000592299676469235	0.000669723352738138	23
mprestamos_personales_ratiomax6	0.00379857183526697	0.00168661871201432	0.00180310133429499	24
mprestamos_personales	0.00350541133355593	0.00283433002776535	0.00195765287723456	25
mprestamos_personales_ratiomax3	0.00333520516684054	0.00295608537145094	0.00170006697233527	26
mdescubierto_preacordado	0.00316053764438658	0.00241110873872535	0.000875792076657565	27
cproductos_ratiomax6	0.00311512341942977	0.000524654040941158	0.000772757714697852	28
mactivos_margen	0.00297352212877352	0.00252610121892437	0.00252434186801298	29
ctarjeta_visa_tend6	0.00286301549327944	0.000791292429386083	0.000103034361959714	30
ccaja_ahorro	0.00284622557480582	0.0022920803012822	0.0019061356962547	31
mdescubierto_preacordado_delta1	0.00270883871415648	0.00709395818628611	0.00170006697233527	32
mcaja_ahorro_ratioavg6	0.00260496950565055	0.00155288470163028	0.0026273762299727	33
mpasivos_margen_avg3	0.00238181851736555	0.000590575809305991	0.000772757714697852	34
mpayroll	0.00235572637484212	0.00538364055094278	0.000875792076657565	35
mcuentas_saldo_ratioavg6	0.00226562579617875	0.0014488304475933	0.00273041059193241	36
cpayroll_trx_avg3	0.00226239225464233	0.00439272294400008	0.000824274895677709	37
mcuenta_corriente_ratioavg6	0.00225189671827699	0.00572393600912606	0.0026273762299727	38
mcaja_ahorro_dolares_delta1	0.00222333997104227	0.00722319722154231	0.00247282468703313	39
mcuentas_saldo_ratiomax6	0.00204771022441623	0.00322845638324346	0.00236979032507341	40
mactivos_margen_avg3	0.00201854385330378	0.00225277476990726	0.00200917005821441	41
ccomisiones_mantenimiento_delta3	0.0019510993093031	0.000637983856361431	0.00103034361959714	42
cliente_edad_lag3	0.00184543094220127	0.00195386232403923	0.00273041059193241	43
mcomisiones_tend6	0.00184448988718609	0.00131301555613648	0.00200917005821441	44
mrentabilidad_avg6	0.00183693177464664	0.00108364261958337	0.0015455154293957	45
mcuentas_saldo_ratiomax3	0.00183648205664564	0.00185172234458392	0.00236979032507341	46
mactivos_margen_avg6	0.00182113911818117	0.00445015118145015	0.00175158415331513	47
ctarjeta_visa_trx_tend6	0.00180704643412215	0.00125955867341356	0.00175158415331513	48
mcomisiones_mantenimiento	0.00174201045144542	0.00799878443904077	0.00216372160115399	49
mv_fechaalta_tend3	0.00174066264295763	0.0031059224092218	0.000927309257637422	50
mcuentas_saldo_ratioavg3	0.00172842293528125	0.000841995204806776	0.00231827314409356	51
Visa_Finiciomora	0.00165229224563228	0.00797222940443538	0.00180310133429499	52
mtarjeta_visa_debitos_automaticos_tend3	0.001596381773754	0.00215229065496575	0.00164854979135542	53
mtarjeta_visa_consumo_ratioavg6	0.00155456431314598	0.00168056987634684	0.00133944670547628	54
mv_msaldopesos	0.00154079009024783	0.000374453188995806	0.000618206171758281	55
mrentabilidad_annual_ratiomax6	0.00153485775327352	0.000627123833246242	0.00175158415331513	56
mcuentas_saldo_delta3	0.00146942386423914	0.00157020497644205	0.00211220442017413	57
mcomisiones_ratioavg6	0.00145216833940216	0.000861868979104921	0.00216372160115399	58
mcuentas_saldo_tend6	0.00142984104202577	0.000594145948401466	0.00195765287723456	59
mdescubierto_preacordado_delta3	0.0013758892357609	0.00138055238742546	0.000566688990778425	60
mprestamos_personales_tend6	0.00136582096280724	0.00213615022612173	0.000978826438617279	61
mtransferencias_recibidas	0.00135467469749829	0.00254695083124195	0.00128792952449642	62
chomebanking_trx_delta3	0.00134481875981696	0.00347708426998483	0.0019061356962547	63
cproductos_ratioavg3	0.00132424115798001	0.000450935768818302	0.000566688990778425	64
mautoservicio_ratiomax6	0.00127753385653908	8.84102445338552e-05	0.000515171809798568	65
mactivos_margen_tend6	0.00127467380576017	0.00263104970780146	0.00206068723919427	66
mcaja_ahorro_avg3	0.00127076079259342	0.00128404302734358	0.00149399824841585	67
ccomisiones_otras_avg3	0.00122784524378251	0.00904187367863202	0.00211220442017413	68
mcuenta_debitos_automaticos	0.00121741679869715	0.00347972617291548	0.00139096388645613	69
cproductos	0.00120569523114884	0.00208421320261374	0.00123641234351656	70
mcomisiones_ratiomax6	0.00120257716866501	0.00156059280194404	0.00211220442017413	71
ccaja_seguridad_lag3	0.0011944013512585	0.000102068576673402	0.000257585904899284	72
mactivos_margen_ratioavg6	0.00118446586401129	0.000769157566994136	0.00242130750605327	73
mcomisiones_mantenimiento_delta3	0.00114064096582611	0.00168343278788816	0.00144248106743599	74
ccaja_ahorro_avg3	0.0011404321627427	0.00038389535687022	0.000566688990778425	75
mprestamos_personales_delta1	0.00113653465713213	0.00537738770732699	0.00144248106743599	76
mcuenta_corriente_ratiomax6	0.00112317695778292	0.00157960974285927	0.00200917005821441	77
mcuentas_saldo_delta2	0.00109465071566235	0.0016297038945675	0.00180310133429499	78
cliente_edad_lag2	0.00109429378348609	0.00139663841414993	0.00175158415331513	79
mrentabilidad_annual_lag1	0.00108212154789587	0.000827442637827124	0.00206068723919427	80
numero_de_cliente	0.00106015270592048	0.00097437936259947	0.00200917005821441	81
ctrx_quarter_delta1	0.00103993237080508	0.000879709474184882	0.00185461851527484	82
ccomisiones_mantenimiento_delta1	0.00103846036985501	0.00105485369794395	0.000824274895677709	83
Visa_fechaalta_delta3	0.00102382582962286	0.000648082249802918	0.000566688990778425	84
mcaja_ahorro_ratiomax6	0.00102098378900197	0.000407890091724286	0.00180310133429499	85
cliente_edad_avg3	0.00102015200618063	0.00393696238720418	0.00149399824841585	86
ccaja_seguridad	0.00101594005282432	0.00448378869199447	0.00113337798155685	87
mv_Finiciomora_avg3	0.00100559457891894	0.000928841388403565	0.000463654628818711	88
mcaja_ahorro_ratioavg3	0.0010008373133618	0.0011564700569986	0.00164854979135542	89
mpasivos_margen_ratioavg6	0.000983864084381218	0.000937107110442709	0.00175158415331513	90
mv_mpagominimo_avg3	0.000968784041531505	0.000239501931186841	0.000309103085879141	91
mcomisiones_mantenimiento_ratioavg3	0.000946812581302036	0.00105765200696831	0.00128792952449642	92
ccallcenter_trx_ratiomax3	0.000935612521900947	0.00150363378277508	0.000824274895677709	93
canarito226	0.000929947200582251	0.000639014096500411	0.00221523878213384	94
mrentabilidad_annual_ratioavg6	0.000928645214079624	0.000908236585623965	0.00164854979135542	95
mcuentas_saldo_lag3	0.000928020776559206	0.00131633408542904	0.00170006697233527	96
mv_msaldototal	0.000920181754297875	0.000296998171286352	0.000360620266858998	97
cpayroll_trx_ratioavg3	0.000913658681996792	0.00102764583790396	0.000463654628818711	98
canarito56	0.000904229059378702	0.00250818252079756	0.00216372160115399	99
internet_ratioavg6	0.00090057056578311	0.00306567504115214	0.00180310133429499	100
mpayroll_ratioavg6	0.000899562847119192	0.000985997615255888	0.000721240533717995	101
mpagomiscuentas	0.000899183766126876	0.00363882177140727	0.000927309257637422	102
canarito108	0.000898743617362202	0.00101268185489521	0.0022667559631137	103
mrentabilidad_annual_tend6	0.000898353996218833	0.00428408871152347	0.00185461851527484	104
Visa_mpagominimo	0.000898350535113726	0.00151704730537666	0.000772757714697852	105
chomebanking_trx_ratioavg3	0.000897359349079825	0.000296926768504442	0.00175158415331513	106
canarito27	0.000893167208928297	0.00545151739547894	0.00242130750605327	107
mv_mpagominimo	0.000881573374493553	0.00046667498203064	0.000824274895677709	108
canarito59	0.000881034105545849	0.00346469078712482	0.00236979032507341	109
canarito225	0.000874343748754553	0.00152027063096	0.00206068723919427	110
mcuenta_corriente_ratiomax3	0.000861416319211324	0.000463145644524827	0.0015455154293957	111
mcuenta_corriente_tend6	0.00085580544415062	0.00144731738864332	0.00159703261037556	112
internet_tend6	0.000854746513542577	0.004720607918661	0.00164854979135542	113
mcaja_ahorro_dolares_ratioavg3	0.000845016073783547	0.00106803601153744	0.00159703261037556	114
mcuentas_saldo_delta1	0.000837095058026853	0.00130749714113462	0.00175158415331513	115
mcuenta_corriente_delta3	0.000836742875491	0.00148935662652565	0.0015455154293957	116
chomebanking_trx	0.000836312018397249	0.00226761294801455	0.00139096388645613	117
canarito110	0.000833673597946544	0.000718407189718837	0.00211220442017413	118
mcuenta_corriente_avg3	0.000832412290006875	0.000687836598664153	0.00118489516253671	119
thomebanking	0.000830187419431913	0.00293361389594428	0.000927309257637422	120
Visa_mfinanciacion_limite_lag3	0.000829350362303875	0.000666187955215686	0.00149399824841585	121
canarito265	0.000827781931072835	0.000593564525748775	0.0019061356962547	122
ctarjeta_master_tend6	0.000821024273699202	0.000135848892781542	0.00015455154293957	123
canarito30	0.000815755408289707	0.00387780008219344	0.00221523878213384	124
canarito219	0.00080107643277106	0.00220423107860621	0.00211220442017413	125
canarito13	0.000798196800656022	0.00181863225536757	0.00206068723919427	126
mv_Fvencimiento_ratioavg3	0.000796192692735318	0.00125580492716461	0.00185461851527484	127
canarito7	0.000795120450271349	0.00173695087299557	0.00206068723919427	128
canarito98	0.000793771308115669	0.00313864868426366	0.00185461851527484	129
Visa_cconsumos_avg3	0.000791551373917184	0.000762408304037452	0.00118489516253671	130
canarito126	0.000790297156870765	0.001932064074762	0.00180310133429499	131
ctrx_quarter_normalizado_ratiomax3	0.000790278150410935	0.00034776554922401	0.000875792076657565	132
canarito87	0.000788295387946275	0.00154760769603392	0.0019061356962547	133
canarito26	0.000787499290895693	0.000563599158274086	0.00221523878213384	134
mtransferencias_emitidas_avg3	0.000786541376603406	0.00114638186395453	0.00118489516253671	135
canarito262	0.000785944862613286	0.0021986820624121	0.00216372160115399	136
mpayroll_ratiomax3	0.000784103895447341	0.000271089161850617	0.000463654628818711	137
ctransferencias_emitidas_avg3	0.000780955266920369	0.000815436770068911	0.000669723352738138	138
canarito139	0.000777663296175336	0.000649727913919309	0.00185461851527484	139
mactivos_margen_ratiomax6	0.00077598160387617	0.00398071869198481	0.00159703261037556	140
canarito91	0.000772961278543726	0.00183952946953976	0.00206068723919427	141
canarito92	0.000772027196512913	0.000406105022176548	0.00185461851527484	142
ctarjeta_master_trx_ratioavg6	0.000771289722741058	0.00159275805512803	0.000824274895677709	143
ccallcenter_trx	0.000771193525457059	0.00201564273105332	0.000927309257637422	144
Visa_fechaalta	0.000769230408078306	0.00107848121849106	0.00118489516253671	145
canarito307	0.000768889577515879	0.00191674307784371	0.00195765287723456	146
mcaja_ahorro_dolares_ratioavg6	0.000767199614670524	0.00162965289258042	0.00103034361959714	147
chomebanking_trx_tend3	0.000765133855356722	0.000896621733100019	0.00113337798155685	148
canarito81	0.00076255881008178	0.0012807278981835	0.0019061356962547	149
canarito241	0.000761048290162941	0.00179308365997386	0.00180310133429499	150
canarito347	0.000758997868311893	0.000733602381735674	0.00206068723919427	151
ccaja_ahorro_avg6	0.000757585080749097	0.000917529147669616	0.000875792076657565	152
canarito34	0.00075556613887604	0.000964920194062697	0.00175158415331513	153
mvr_mpagominimo	0.000753780876603048	0.00140900129581769	0.000772757714697852	154
mcuenta_corriente_delta2	0.000753652666212399	0.000859233876439213	0.000824274895677709	155
mrentabilidad_tend6	0.000753602618688966	0.000394792781442599	0.00128792952449642	156
mcuenta_corriente_ratioavg3	0.000751354912154343	0.000894149836792961	0.00164854979135542	157
canarito64	0.000748943970086533	0.0011284529654303	0.00200917005821441	158
cproductos_avg3	0.000748635652474135	0.00109875620842089	0.000978826438617279	159
canarito73	0.000746666542616417	0.000879240255903762	0.00159703261037556	160
canarito11	0.000745352834617325	0.000461384375904393	0.00149399824841585	161
mprestamos_hipotecarios_avg6	0.000744266668750905	0.00910173641093196	0.00133944670547628	162
canarito52	0.000744117469451633	0.000688152810984038	0.00185461851527484	163
mcuenta_corriente_avg6	0.000743126185818518	0.00150756773604505	0.00149399824841585	164
ccomisiones_otras_ratioavg3	0.000738014766559877	0.00101171281714073	0.0015455154293957	165
canarito281	0.000736937784046176	0.00091119130074203	0.00180310133429499	166
mv_cconsumos_delta3	0.000733550953069972	0.000788181308174312	0.00128792952449642	167
mv_fechaalta_ratioavg3	0.000732335305202322	0.000171716890227417	0.000515171809798568	168
canarito335	0.000731776353934328	0.000601884649907468	0.00185461851527484	169
Master_fechaalta_lag3	0.000731391203173496	0.00113207750664532	0.00133944670547628	170
canarito183	0.000725940446676832	0.00100886010599682	0.00206068723919427	171
canarito153	0.000725397806325033	0.00149638470034503	0.00164854979135542	172
canarito43	0.00072230862756725	0.00127208816157245	0.00185461851527484	173
ctrx_quarter_ratioavg3	0.000718371815988465	0.000441901616840513	0.00108186080057699	174
canarito8	0.00071725815196636	0.00153212349275698	0.00180310133429499	175
mpasivos_margen_lag1	0.000716527958644612	0.00024174261848581	0.00133944670547628	176
canarito313	0.000715666321746661	0.000345589464442006	0.00164854979135542	177
canarito155	0.000711849708960542	0.00174585241980696	0.00175158415331513	178
canarito261	0.00071166755215528	0.000427179043237268	0.0019061356962547	179
canarito16	0.000710969749925581	0.00136040320239709	0.00185461851527484	180
mrentabilidad_annual_ratioavg3	0.000708708961147058	0.000485637520826321	0.00139096388645613	181
mv_status04_delta3	0.000708139829096217	0.000934509409234191	0.000463654628818711	182
mrentabilidad_annual_delta1	0.000707102521509617	0.00135486438660039	0.00164854979135542	183
ctarjeta_visa_trx_ratioavg3	0.000707091246825743	0.00101306266973206	0.000824274895677709	184
canarito197	0.000703985625138955	0.00102618038080858	0.00170006697233527	185
mplazo_fijo_dolares_ratioavg3	0.000702622009527444	0.00124691358075064	0.000669723352738138	186
canarito85	0.000701712666358904	0.000936848700374846	0.00185461851527484	187
canarito90	0.000701006244369641	0.000744911222337151	0.00185461851527484	188
ccallcenter_trx_avg3	0.000699072855260426	0.0030313269029212	0.00118489516253671	189
ctarjeta_visa_trx	0.000696789426284828	0.000678639240327715	0.000412137447838854	190
canarito17	0.000695724619978385	0.00115247150121166	0.00185461851527484	191
ccajas_consultas_tend3	0.000694144231997282	0.00547946988453028	0.00103034361959714	192
canarito296	0.000693552169772509	0.000320996306272889	0.0015455154293957	193
canarito344	0.000692883640537398	0.00134369495143026	0.00175158415331513	194
chomebanking_trx_avg3	0.000692730692976947	0.000847595222987964	0.00113337798155685	195
canarito176	0.000692314916372294	0.000834341506612571	0.00175158415331513	196
canarito104	0.00069194919011186	0.0007237079962425	0.00180310133429499	197
canarito208	0.000691911102159278	0.00333252083767785	0.00175158415331513	198
canarito95	0.000688931218725799	0.00233535718738431	0.00185461851527484	199
Master_Fvencimiento_ratioavg3	0.000688716910595345	0.00045384288208176	0.00113337798155685	200
mrentabilidad_delta3	0.00068604634671765	0.000692494780150631	0.00159703261037556	201
ctrx_quarter_normalizado_ratioavg3	0.00068539505474504	0.00043186442578352	0.000978826438617279	202
canarito189	0.000683921242285841	0.000793108100126067	0.0015455154293957	203
canarito212	0.000681256277669464	0.000775825226771495	0.00159703261037556	204
canarito120	0.000680446281475195	0.00104762841644121	0.0019061356962547	205
mprestamos_personales_avg6	0.000680059107646243	0.000200346005640657	0.000309103085879141	206
chomebanking_trx_lag3	0.000679202333220163	0.0014714311281339	0.0015455154293957	207
canarito136	0.000678992381512469	0.00159826966986495	0.00180310133429499	208
canarito25	0.000678520001876422	0.00032166613236985	0.00149399824841585	209
canarito3	0.000676087670348297	0.000702593173592118	0.00164854979135542	210
mcomisiones_otras_ratioavg3	0.000675430746393245	0.000638619681133673	0.00144248106743599	211
internet_avg6	0.000675184653075694	0.0005938637374063	0.00139096388645613	212
canarito252	0.000674939997230973	0.0014658685114099	0.00144248106743599	213
mv_mpagospesos_ratioavg3	0.000674831817809832	0.000418777315899249	0.00128792952449642	214
Visa_mfinanciacion_limite_ratioavg3	0.000674314431395932	0.00482496478448798	0.000927309257637422	215
canarito274	0.000673048444899677	0.000557002901278636	0.00164854979135542	216
canarito244	0.000672819746244516	0.00123619976333174	0.00170006697233527	217
mcomisiones_avg6	0.000672756865270558	0.000707373759847583	0.00123641234351656	218
canarito258	0.000669675922645368	0.00278558572864846	0.00206068723919427	219
canarito284	0.000669624357538767	0.00177960213472285	0.00195765287723456	220
Master_fechaalta	0.000669601703801917	0.000479224870984353	0.00113337798155685	221
canarito290	0.000669378682261784	0.000786556044852752	0.00175158415331513	222
canarito32	0.000668833090803088	0.00181256981917021	0.00164854979135542	223
ccaja_ahorro_delta3	0.000668638329595168	0.00241041511170108	0.000566688990778425	224
canarito4	0.000668488092246442	0.00219067135030835	0.00159703261037556	225
canarito148	0.000668310296941356	0.000509071233822527	0.00185461851527484	226
canarito259	0.000667760929577772	0.00174886493717704	0.00175158415331513	227
mcuenta_corriente_lag3	0.000667545176076285	0.00126416585291296	0.00159703261037556	228
canarito37	0.000667042583559569	0.00036012843089177	0.00164854979135542	229
canarito253	0.00066679591705819	0.000777423289033279	0.00185461851527484	230
mcomisiones_mantenimiento_lag3	0.000664683714339941	0.00289166986177115	0.00118489516253671	231
mcuenta_corriente_delta1	0.000663055469458247	0.000365436037680377	0.00113337798155685	232
canarito76	0.000662028865064163	0.000594530163370789	0.00149399824841585	233
canarito249	0.000658840834098073	0.000464502297381108	0.00175158415331513	234
canarito331	0.000658829044902731	0.00128076869977316	0.00139096388645613	235
canarito263	0.000658637195874854	0.000515273075451238	0.00164854979135542	236
canarito297	0.000658211215356905	0.000483128223062073	0.00170006697233527	237
mtransferencias_emitidas_tend3	0.000657988480408686	0.00103963130486734	0.000978826438617279	238
canarito84	0.000657891672142319	0.000331033497329883	0.00144248106743599	239
canarito118	0.000657492498123191	0.000919123809798929	0.00164854979135542	240
canarito60	0.000654997428352908	0.00100222984767665	0.00170006697233527	241
canarito21	0.000654394212738084	0.00226126830082201	0.00164854979135542	242
Visa_Fvencimiento	0.000653479432221374	0.00158281266764778	0.00123641234351656	243
canarito196	0.000653335860955443	0.000331057298257186	0.0015455154293957	244
chomebanking_trx_delta1	0.00065298043620752	0.00216739064327337	0.00118489516253671	245
mpasivos_margen_ratioavg3	0.000652578153681605	0.00228227091910083	0.00164854979135542	246
cliente_edad_avg6	0.000651742929500673	0.00058253109587752	0.000875792076657565	247
canarito152	0.000651301071339344	0.000771609062506363	0.00164854979135542	248
canarito204	0.000650629970111049	0.00116570141665975	0.00133944670547628	249
canarito275	0.000649514284713296	0.000442279031544892	0.00159703261037556	250
mcuenta_corriente_lag1	0.0006487370480058	0.000316633936311466	0.00103034361959714	251
tcallcenter_avg3	0.000646979097152424	0.000990502790781131	0.000927309257637422	252
mrentabilidad_ratiomax6	0.000646506248701651	0.00120745504341446	0.0015455154293957	253
mactivos_margen_delta1	0.000646380838787897	0.001989138698435	0.00144248106743599	254
canarito199	0.000646227491804069	0.000537520142214757	0.00149399824841585	255
canarito130	0.000646048674810091	0.000543613179604368	0.00170006697233527	256
Master_Fvencimiento_lag2	0.000644478912167796	0.00054831556281298	0.00149399824841585	257
mpayroll_tend6	0.000644239928360686	0.00039058341744241	0.000824274895677709	258
mcuentas_saldo_tend3	0.00064085766423792	0.00104133477123576	0.000978826438617279	259
canarito326	0.000640654670846509	0.000274135680545423	0.0015455154293957	260
canarito15	0.000640213016910127	0.00157203084757945	0.00159703261037556	261
canarito116	0.000637901653685242	0.00241163575925849	0.00185461851527484	262
mrentabilidad_annual_delta3	0.000637329701976158	0.000218557115160052	0.00139096388645613	263
canarito123	0.000635252778271237	0.000317011351015845	0.00133944670547628	264
canarito65	0.000634937338736936	0.000564398189404978	0.00170006697233527	265
canarito131	0.00063486489416823	0.00219680518928762	0.00159703261037556	266
canarito273	0.000633303403764596	0.000497738592293747	0.00164854979135542	267
canarito323	0.000633229884476212	0.000320836500046711	0.0015455154293957	268
mcomisiones_mantenimiento_ratiomax3	0.000632998809026297	0.00172987519732159	0.000772757714697852	269
canarito88	0.000632175451894416	0.00167116851006209	0.00180310133429499	270
canarito58	0.000632004700657523	0.000539342613219685	0.00170006697233527	271
canarito171	0.000629929625696112	0.000659299286827654	0.00149399824841585	272
canarito113	0.00062897815295201	0.00066503871044019	0.00149399824841585	273
canarito137	0.000627837774388725	0.000714799649166171	0.00170006697233527	274
canarito105	0.000627203890054123	0.000628225476167132	0.00159703261037556	275
canarito82	0.0006268419222097	0.000990744200186635	0.00170006697233527	276
canarito80	0.000626020311144698	0.00146457306093811	0.00149399824841585	277
canarito77	0.000625984155430908	0.000959707790983303	0.0015455154293957	278
canarito159	0.000624907046545969	0.000944186186249165	0.0015455154293957	279
canarito239	0.000623673664957384	0.000472543610677107	0.00164854979135542	280
canarito191	0.000623632101231604	0.000642917448578131	0.00170006697233527	281
mvr_Visa_mlimitecompra_avg3	0.000623368493086155	0.00037715289417848	0.00128792952449642	282
canarito157	0.000623253236875696	0.00104388827072214	0.00164854979135542	283
canarito61	0.000623163892410562	0.0016016017996874	0.00149399824841585	284
Visa_Fvencimiento_lag2	0.000622905847984521	0.000384143566540667	0.00139096388645613	285
mrentabilidad_annual_delta2	0.000621685853848942	0.000491577552254698	0.00144248106743599	286
cliente_antiguedad_ratioavg6	0.00062108120640286	0.00167185873695388	0.000978826438617279	287
canarito218	0.000618223792495227	0.000220855604711044	0.00123641234351656	288
canarito22	0.000615842839901791	0.000515640289758201	0.00149399824841585	289
canarito272	0.000615084261569064	0.000379386781212505	0.00175158415331513	290
mv_Finiciomora_lag1	0.000613188187516915	0.000325759891865995	0.000257585904899284	291
mcaja_ahorro_ratiomax3	0.000609829639439216	0.000492753998089969	0.00144248106743599	292
canarito78	0.000609804797336154	0.000671900177768446	0.00170006697233527	293
canarito336	0.000607726173825254	0.00263470145007626	0.00185461851527484	294
mv_Finiciomora_delta1	0.000607552851723492	0.000721922926694762	0.000360620266858998	295
canarito186	0.000606947824599539	0.000359349800555709	0.00149399824841585	296
canarito250	0.000605695545997643	0.000572181092633114	0.00159703261037556	297
mrentabilidad_ratioavg6	0.000605135622686601	0.000652465020559173	0.00108186080057699	298
canarito114	0.000604214712036543	0.000597508679416157	0.00159703261037556	299
canarito209	0.000604148418475006	0.000961883875765307	0.00118489516253671	300
mv_Finiciomora_ratioavg3	0.000603095488808288	0.000846010761256067	0.000463654628818711	301
cpayroll_trx_ratiomax3	0.000602298767235562	0.00283871619865407	0.000463654628818711	302
mv_msaldototal_avg3	0.000602244617724316	0.000155919874763057	0.000360620266858998	303
canarito181	0.000601622652905396	0.00101691841995518	0.0015455154293957	304
canarito36	0.00060142177566806	0.000359196794594475	0.00139096388645613	305
canarito33	0.000600335856902542	0.000532348540725026	0.00139096388645613	306
ctarjeta_visa_debitos_automaticos_tend3	0.000600093239358188	0.00338992527420062	0.000978826438617279	307
canarito117	0.000598905027588919	0.000594343156084836	0.00144248106743599	308
canarito205	0.000598084767680679	0.00138070539338669	0.00170006697233527	309
canarito140	0.000595918713890402	0.00177694663126231	0.00144248106743599	310
canarito44	0.000591615921052078	0.000558723368309408	0.0015455154293957	311
canarito156	0.000591352670018208	0.000508673418323317	0.0015455154293957	312
mactivos_margen_delta3	0.000591178940594867	0.000804920160333383	0.00113337798155685	313
canarito151	0.000590080472149951	0.000418165292054311	0.00159703261037556	314
mpasivos_margen_delta3	0.000588925872873311	0.000185555429387973	0.00123641234351656	315
mactivos_margen_delta2	0.000588487387244391	0.000343375978202812	0.00113337798155685	316
canarito317	0.000587413569653209	0.00218245323012381	0.0015455154293957	317
canarito337	0.000587293884243696	0.00083768383683243	0.00144248106743599	318
Visa_msaldopesos	0.000587162835577612	0.000489632676480782	0.000772757714697852	319
canarito240	0.000587136170118119	0.000797368466113335	0.00144248106743599	320
canarito289	0.000586474116844789	0.00115868694337026	0.00133944670547628	321
canarito308	0.000584378199655656	0.000294189661864578	0.00149399824841585	322
canarito295	0.000583428576219221	0.000615604184431509	0.0015455154293957	323
mcomisiones_delta3	0.000582932812826763	0.000375208018404563	0.00123641234351656	324
canarito83	0.000580606157553788	0.000461272171532821	0.00144248106743599	325
canarito133	0.000580585643101464	0.00211340674001732	0.00159703261037556	326
cliente_edad_lag1	0.000580399867227047	0.00125817141936504	0.000978826438617279	327
canarito164	0.000580122767259489	0.000526877727577769	0.00149399824841585	328
mrentabilidad_annual	0.00058007515125407	0.000935886462885303	0.000978826438617279	329
canarito298	0.000577828349063617	0.000499741270319685	0.00159703261037556	330
mpayroll_lag3	0.000576175365319649	0.00074677109479927	0.000515171809798568	331
canarito302	0.00057594822768777	0.00096047962105442	0.00164854979135542	332
canarito103	0.000575819513504642	0.000520060461971647	0.0015455154293957	333
canarito100	0.000574866138986241	0.000330105261165059	0.00128792952449642	334
canarito222	0.000574581601168687	0.000949143579393168	0.00149399824841585	335
mrentabilidad_delta2	0.000573909681348133	0.000446984814885976	0.00144248106743599	336
canarito220	0.000573405875893197	0.000295661919224903	0.00149399824841585	337
canarito23	0.000572729604727298	0.000278416447327521	0.00139096388645613	338
canarito145	0.000571869882015106	0.00166871021428492	0.00149399824841585	339
canarito63	0.000571190390639272	0.00122797824301473	0.00133944670547628	340
canarito184	0.000570411515054786	0.000538774791096881	0.0015455154293957	341
canarito267	0.000568827128326658	0.000491132134900881	0.00144248106743599	342
canarito31	0.000568674463973177	0.00108848440822333	0.00144248106743599	343
mcaja_ahorro_lag2	0.000568022316456004	0.00192681087009295	0.00133944670547628	344
canarito124	0.000567881195607356	0.00115367514810671	0.00159703261037556	345
canarito182	0.000566891664811008	0.000791904453231022	0.00149399824841585	346
Master_fultimo_cierre_avg3	0.000566610684005303	0.000396146034166408	0.00108186080057699	347
mcaja_ahorro_lag3	0.000566030813784193	0.00048088073549816	0.00108186080057699	348
canarito161	0.000565377266310651	0.00267523102914108	0.00139096388645613	349
mtransferencias_recibidas_lag3	0.000565097414383727	0.00286111627137883	0.00113337798155685	350
canarito50	0.000564685490409355	0.00053217513396896	0.0015455154293957	351
mtransferencias_recibidas_avg3	0.0005644980604257	0.000951034053047534	0.00103034361959714	352
canarito167	0.000564329893029295	0.000619830549094057	0.00133944670547628	353
canarito321	0.000564187584347427	0.000232837671541953	0.00133944670547628	354
mv_status07_avg3	0.000563329260745369	0.000657942633971374	0.000360620266858998	355
canarito305	0.000563195564771099	0.0017479877029993	0.00159703261037556	356
canarito198	0.000560757956961718	0.000275638539097994	0.00113337798155685	357
canarito93	0.00056074253854239	0.000630653170752055	0.00144248106743599	358
canarito143	0.000560644042881503	0.000582911910714371	0.00144248106743599	359
mpasivos_margen_tend6	0.000559548370400224	0.000657952834368789	0.00118489516253671	360
cliente_edad	0.000558677049742019	0.00148288957456414	0.00108186080057699	361
canarito47	0.000558122482540494	0.000747124708576346	0.00139096388645613	362
canarito285	0.00055783128597419	0.000230838393648487	0.00139096388645613	363
mcomisiones_avg3	0.000557705068187165	0.00204734556622114	0.00123641234351656	364
canarito169	0.000557499452592569	0.000624883145947273	0.00123641234351656	365
canarito66	0.000557261394567608	0.00168010745833066	0.00164854979135542	366
Visa_fechaalta_tend3	0.000557232584746173	0.00176435594071894	0.000566688990778425	367
canarito254	0.000556932016962765	0.00356512049994677	0.0015455154293957	368
thomebanking_ratioavg3	0.000556744881469227	0.000634862534752244	0.000669723352738138	369
canarito345	0.00055663101816317	0.0013659998204458	0.00139096388645613	370
tpaquete9	0.000555939273854685	0.00100383811033585	0.000618206171758281	371
canarito340	0.000554134108675894	0.000340999285604967	0.00149399824841585	372
canarito179	0.000553158863470993	0.000666279758792426	0.00149399824841585	373
canarito24	0.000551738481222467	0.000283309237954558	0.00144248106743599	374
canarito293	0.000550931280427677	0.000395061391907878	0.0015455154293957	375
canarito320	0.000550344189557134	0.000775066997230266	0.00139096388645613	376
canarito203	0.000549359745203109	0.000234235125987897	0.00133944670547628	377
cproductos_tend6	0.000548850845971805	0.00333787944645354	0.000824274895677709	378
canarito128	0.000548642287168514	0.000751490478670241	0.00133944670547628	379
canarito97	0.000547003084095198	0.00112783754145289	0.00133944670547628	380
canarito287	0.000546909913515176	0.000425257968390655	0.00133944670547628	381
canarito46	0.000546345914731715	0.000294777884782213	0.0015455154293957	382
mrentabilidad_annual_lag3	0.000544801354124847	0.000514997664721016	0.00108186080057699	383
mrentabilidad_lag3	0.000544678263461801	0.00163704478057429	0.00128792952449642	384
canarito229	0.000544626207538339	0.000294451472064913	0.00139096388645613	385
canarito300	0.000543165221759778	0.000646912604232591	0.00139096388645613	386
canarito292	0.000542275146820061	0.000403544722425221	0.0015455154293957	387
ctarjeta_debito_avg6	0.000541731690696789	0.000598365512799071	0.00108186080057699	388
mv_fultimo_cierre_avg3	0.000541135114085208	0.00240756240055718	0.00133944670547628	389
canarito341	0.000540049199832949	0.000361644889974229	0.00149399824841585	390
canarito245	0.000538220221574034	0.00040833210894563	0.00144248106743599	391
Visa_fultimo_cierre_avg3	0.000537119308071329	0.00131779274225947	0.00123641234351656	392
ccallcenter_trx_ratioavg3	0.000535040342681097	0.000435390363156861	0.000566688990778425	393
canarito125	0.00053501711970952	0.00179958131312762	0.0015455154293957	394
canarito291	0.00053479846249035	0.00072835257719909	0.00139096388645613	395
canarito301	0.000534759083181681	0.000662063594527294	0.00144248106743599	396
canarito210	0.000534639866586894	0.000571354860442447	0.00139096388645613	397
canarito309	0.000534612073941092	0.000621452412283145	0.00133944670547628	398
canarito221	0.000534368785613695	0.000652108006649626	0.00123641234351656	399
canarito278	0.000534049894564961	0.000399362559484808	0.00139096388645613	400
cproductos_avg6	0.000532824796498183	0.000689356457879084	0.00113337798155685	401
canarito165	0.000530059103286281	0.00077109904263558	0.00123641234351656	402
canarito328	0.000529846736421136	0.000453717077180301	0.00144248106743599	403
ccomisiones_mantenimiento_ratioavg3	0.000528239067484912	0.000331557117730553	0.000412137447838854	404
canarito135	0.00052523000470696	0.000310860511374212	0.00118489516253671	405
canarito53	0.000525078112120681	0.000284172871602416	0.00133944670547628	406
canarito256	0.000524666506331034	0.000727760954148983	0.0015455154293957	407
ccallcenter_trx_delta3	0.000523380624827182	0.00069685034984711	0.000566688990778425	408
canarito112	0.000521636499777043	0.000410946810816507	0.00128792952449642	409
mactivos_margen_lag3	0.000520889767619546	0.00188434321551915	0.00103034361959714	410
canarito329	0.000520818397206361	0.000332145340648188	0.00133944670547628	411
canarito35	0.00052060182624093	0.000495671311750843	0.00139096388645613	412
canarito215	0.000520088101207983	0.000328303190954962	0.00118489516253671	413
canarito213	0.00051968489064329	0.000484029258167122	0.00149399824841585	414
canarito20	0.00051934679511551	0.000826174388415112	0.00139096388645613	415
canarito69	0.00051568262045579	0.00115813952204229	0.0015455154293957	416
canarito150	0.000515507947197266	0.000319279239374589	0.00139096388645613	417
canarito228	0.000514895764301973	0.000397006267681794	0.00133944670547628	418
canarito2	0.000514591290857496	0.000771337051908612	0.00118489516253671	419
mpayroll_avg3	0.000514548923771704	0.000129596049165752	0.000309103085879141	420
canarito216	0.000512943770977091	0.000494953883799276	0.00149399824841585	421
mcuenta_debitos_automaticos_ratiomax3	0.000512086618001454	0.00486380789784675	0.000978826438617279	422
canarito70	0.000511713315672482	0.000713371593527981	0.00133944670547628	423
canarito314	0.000511367996110325	0.00037357595481806	0.00123641234351656	424
Master_mfinanciacion_limite_delta3	0.000510320128063008	0.00485844588893859	0.000978826438617279	425
canarito14	0.000509913200829946	0.000325107066431394	0.00139096388645613	426
mrentabilidad_annual_tend3	0.000508049427604676	0.000445067140171835	0.000978826438617279	427
canarito121	0.000507949073045447	0.00036683349212632	0.00133944670547628	428
canarito173	0.000507499796779628	0.00355623255366528	0.00139096388645613	429
canarito119	0.000507230085298302	0.0027735968615526	0.0015455154293957	430
canarito29	0.00050688005586883	0.000426641822306711	0.00118489516253671	431
canarito122	0.000505036027585311	0.000272238406626113	0.00133944670547628	432
cliente_antiguedad_lag3	0.000505013257067897	0.000850410532674681	0.000875792076657565	433
canarito303	0.000505005751519023	0.000525143660017109	0.00118489516253671	434
canarito266	0.000504479513476903	0.000366289470930819	0.00133944670547628	435
canarito111	0.000503213334038847	0.000706952143421069	0.00133944670547628	436
canarito234	0.000502663435803234	0.00210902736939353	0.00139096388645613	437
mcomisiones_lag1	0.000501901482681468	0.000189931399879284	0.00108186080057699	438
cproductos_delta3	0.000500549399009565	0.00358248837661314	0.000721240533717995	439
Visa_mfinanciacion_limite	0.000500277021038706	0.000466810987329515	0.00108186080057699	440
canarito40	0.000499407533327606	0.000471805781930709	0.00144248106743599	441
canarito286	0.00049869190147023	0.000714099221876964	0.00133944670547628	442
canarito144	0.00049857131510149	0.000210587204645963	0.00123641234351656	443
canarito243	0.000497933517771775	0.000255111939365247	0.00139096388645613	444
ccomisiones_mantenimiento_avg3	0.000497229825739743	0.00425242667794531	0.000927309257637422	445
mcuentas_saldo_avg6	0.000496135801726128	0.000331053898124714	0.000875792076657565	446
mvr_mconsumospesos_delta3	0.000495440806179055	0.000342869358464501	0.000669723352738138	447
canarito255	0.000494055242027334	0.000771581861446588	0.00128792952449642	448
mvr_msaldopesos2_delta2	0.000493740080622588	0.00023344629525442	0.000978826438617279	449
canarito332	0.000491769125406303	0.00034868698512389	0.00139096388645613	450
canarito172	0.000490893505305226	0.000179227782857802	0.00103034361959714	451
canarito251	0.000487195867654564	0.000309415455073662	0.00144248106743599	452
cprestamos_personales_ratioavg6	0.000487080925679728	0.00151318815502107	0.000618206171758281	453
canarito6	0.000485828151183555	0.000244527326980281	0.00139096388645613	454
canarito334	0.000485289325663497	0.000299381664149141	0.00139096388645613	455
Master_Finiciomora	0.000485125585773674	0.0024565447089471	0.000515171809798568	456
mtarjeta_visa_debitos_automaticos_ratiomax3	0.000484824694728126	0.000863368437525021	0.000618206171758281	457
ctarjeta_debito_ratioavg6	0.000484343705487346	0.00691891596650119	0.00108186080057699	458
canarito142	0.000483301249965276	0.000201060033459752	0.00123641234351656	459
canarito268	0.000483053189995336	0.000451353985112343	0.00133944670547628	460
canarito269	0.000481536541071463	0.000388512736767035	0.00113337798155685	461
ccaja_ahorro_ratioavg3	0.000480489160738141	0.00302713793971584	0.000566688990778425	462
canarito49	0.000480270637506332	0.000409134540208994	0.00128792952449642	463
Visa_Fvencimiento_lag3	0.00047986275346247	0.000932159917696121	0.00133944670547628	464
mcaja_ahorro_dolares_tend3	0.000479145755216084	0.000148381781072896	0.000463654628818711	465
canarito154	0.000478411892615181	0.000314719661729797	0.00133944670547628	466
canarito41	0.000478190434919116	0.000345538462454928	0.00123641234351656	467
canarito319	0.000475783049298999	0.00108211255997103	0.00128792952449642	468
mactivos_margen_ratiomax3	0.000475720538412237	0.000708584207007572	0.00103034361959714	469
mtarjeta_visa_consumo_delta3	0.000475293295310225	0.00113180889618004	0.000978826438617279	470
canarito194	0.000474828508667436	0.000566890486506867	0.00118489516253671	471
canarito339	0.000474347000966086	0.00268430258257606	0.00139096388645613	472
mtransferencias_recibidas_ratioavg3	0.000473694956971779	0.000325572884580042	0.000927309257637422	473
canarito248	0.000473011008189026	0.000898852220001573	0.00128792952449642	474
mactivos_margen_lag2	0.00047223289647354	0.00137806349045604	0.00123641234351656	475
mcuentas_saldo_lag2	0.000471568037645898	0.000864643487201976	0.00113337798155685	476
mtarjeta_visa_debitos_automaticos_ratioavg3	0.000471180649437169	0.000188571346890532	0.000721240533717995	477
ctransferencias_recibidas_avg3	0.000469721815354595	0.000187734914302449	0.000669723352738138	478
Visa_msaldopesos_tend3	0.000469633778606109	0.000268702268855356	0.000721240533717995	479
Visa_mpagospesos_delta3	0.000468328274582643	0.000570875441763911	0.00103034361959714	480
tcallcenter	0.00046794840828335	0.000101303546867229	0.000206068723919427	481
canarito322	0.000467735803907977	0.000693929636053764	0.00133944670547628	482
canarito264	0.000467112574248363	0.000164338602763435	0.00118489516253671	483
canarito185	0.000466362497766323	0.000365245630261952	0.00128792952449642	484
mv_Fvencimiento_lag1	0.000464965889106911	0.000471666376499362	0.00108186080057699	485
canarito101	0.000464785183878411	0.000427413652377828	0.00123641234351656	486
canarito214	0.000464366317384163	0.000483808249556449	0.00118489516253671	487
mcaja_ahorro_dolares_tend6	0.000463262850505466	0.000780303201236963	0.000927309257637422	488
canarito325	0.000462645811344033	0.00027037173389905	0.00113337798155685	489
canarito246	0.000462422619428392	0.00179588536913069	0.00133944670547628	490
canarito190	0.000460494171208912	0.0002053952023614	0.00118489516253671	491
canarito79	0.000460078489946845	0.000756254064263347	0.00144248106743599	492
canarito304	0.000458580612229203	0.000363980780982412	0.00123641234351656	493
canarito271	0.000457811002364403	0.000431197999819031	0.00133944670547628	494
mprestamos_personales_avg3	0.000457367804893617	0.000638422473450304	0.000618206171758281	495
mcomisiones_delta1	0.000457073902628846	0.00152880496346442	0.00108186080057699	496
mrentabilidad_annual_avg3	0.000456855632421592	0.000542440133901569	0.000927309257637422	497
canarito96	0.000455171322714579	0.00140095658238922	0.00139096388645613	498
cmobile_app_trx_avg3	0.000454709275619695	0.000217598277802982	0.000824274895677709	499
mcaja_ahorro_avg6	0.000454351938378485	0.000255295546518729	0.00103034361959714	500
canarito238	0.000454179905940338	0.000824572926020856	0.00128792952449642	501
Visa_mpagado_ratioavg3	0.000452775440262046	0.00182776841131952	0.000927309257637422	502
Master_Fvencimiento_lag1	0.000452492249087995	0.000292629001059985	0.000927309257637422	503
canarito195	0.000452396770540411	0.000463312251015949	0.00123641234351656	504
Master_fultimo_cierre_ratioavg3	0.00045127280387748	0.00104885586426356	0.000978826438617279	505
canarito55	0.000450340603875458	0.000335093255501309	0.00123641234351656	506
canarito201	0.000449476441809381	0.00034606548298807	0.00144248106743599	507
canarito230	0.000449409297498618	0.000253003857232681	0.00108186080057699	508
Master_Fvencimiento	0.000448477646985818	0.000349839630031858	0.000875792076657565	509
ctarjeta_visa_trx_ratiomax6	0.00044846322543246	0.000365861054239362	0.000824274895677709	510
mvr_mpagominimo_delta1	0.00044780854231025	0.000682379386046784	0.000618206171758281	511
canarito343	0.000446464367559699	0.000508942028788595	0.00139096388645613	512
canarito180	0.000446233085628208	0.000284805296242186	0.00108186080057699	513
mrentabilidad	0.000445798932727442	0.000211603844255055	0.000824274895677709	514
mv_fechaalta_delta3	0.000444635658967978	0.00168187892734851	0.000566688990778425	515
mv_mpagominimo_delta2	0.000444501808132527	0.000811621821435461	0.000618206171758281	516
canarito141	0.000444320693325819	0.00023899531144853	0.00108186080057699	517
mv_fultimo_cierre_ratiomax3	0.0004440577587842	0.000496381939437466	0.000978826438617279	518
canarito192	0.000443975241750852	0.00124374125715437	0.00123641234351656	519
cprestamos_personales_tend6	0.000443683334910492	0.00416941924390928	0.000978826438617279	520
canarito279	0.000443041282142175	0.00325426678883751	0.00128792952449642	521
mpasivos_margen_ratiomax6	0.000442150029241992	0.000269365294687373	0.00108186080057699	522
canarito107	0.000441912267399619	0.000214412353676829	0.00123641234351656	523
canarito86	0.000441612455022851	0.000976399041287768	0.00128792952449642	524
canarito200	0.000440631359788706	0.00133085265108397	0.00118489516253671	525
canarito311	0.000440164804230666	0.000297678197780728	0.00123641234351656	526
canarito327	0.000439408516940782	0.000835783162780649	0.00128792952449642	527
mcaja_ahorro_delta2	0.00043928338572074	0.000186320459194147	0.000618206171758281	528
canarito9	0.00043927605957389	0.000505803706517049	0.00108186080057699	529
mrentabilidad_ratioavg3	0.000439022394136902	0.000157470335170235	0.00113337798155685	530
canarito202	0.000438265877799149	0.000314094037354971	0.00123641234351656	531
mtarjeta_visa_consumo_tend6	0.000438146480109865	0.000470717739539707	0.000515171809798568	532
Master_mfinanciacion_limite	0.000438048831249104	0.00123750541420094	0.000927309257637422	533
canarito294	0.000436660947282517	0.000775046596435434	0.00113337798155685	534
mtarjeta_visa_consumo_ratiomax6	0.000436258483097947	0.000876180136679069	0.000618206171758281	535
Visa_mpagospesos_lag3	0.000436103416562633	0.000504800667437844	0.000978826438617279	536
canarito217	0.000435798834235795	0.000273948673259469	0.00108186080057699	537
canarito57	0.000435275539966528	0.000356014270600794	0.00123641234351656	538
mpayroll_sobre_edad_delta3	0.000435048182313297	0.000143142176933727	0.000360620266858998	539
canarito223	0.000433858740116931	0.00183324942486419	0.00133944670547628	540
mpasivos_margen_delta2	0.000432421014544331	0.00191585564326855	0.00113337798155685	541
mcomisiones_lag3	0.000431967814564408	0.000124336044231752	0.000875792076657565	542
canarito233	0.000431790117986852	0.000215928812759288	0.00118489516253671	543
canarito10	0.000431091918026248	0.000464532898573355	0.00123641234351656	544
mdescubierto_preacordado_avg6	0.000430828996460248	0.00021300469883347	0.000515171809798568	545
mv_mpagominimo_delta1	0.000430471822824659	0.000642965050432737	0.000772757714697852	546
canarito71	0.000430132332135847	0.000415917804490397	0.00123641234351656	547
canarito346	0.000429916765934587	0.00111155770717752	0.00128792952449642	548
canarito45	0.000429008180993475	0.000593707331312594	0.00133944670547628	549
ctrx_quarter_delta3	0.000426167845820138	0.00211687487513864	0.00108186080057699	550
Master_mfinanciacion_limite_ratioavg3	0.000425420622281622	0.00181332804871144	0.000566688990778425	551
mforex_sell_tend3	0.000425093906935133	0.00325173709027843	0.000721240533717995	552
canarito342	0.000424603467495225	0.000512202755829129	0.00118489516253671	553
canarito54	0.000424260187925908	0.00047273061796306	0.00133944670547628	554
mvr_mpagominimo_lag1	0.000424141193609102	0.000384153766938083	0.000618206171758281	555
canarito277	0.00042374750601983	0.000476997784215271	0.00108186080057699	556
canarito232	0.000423331809525516	0.000198339927482247	0.000978826438617279	557
canarito62	0.000422891252310948	0.000962808711797659	0.00133944670547628	558
canarito75	0.000421260151664942	0.00136187545975741	0.00133944670547628	559
canarito147	0.000421072400675777	0.00181389247070177	0.00128792952449642	560
Master_cconsumos_avg3	0.000420837118868946	0.000565037414309692	0.000669723352738138	561
canarito166	0.000420757384259459	0.000152512942026232	0.00103034361959714	562
canarito18	0.000420085971052171	0.000303404020863376	0.00118489516253671	563
canarito158	0.000419904718026922	0.00096883034640536	0.00118489516253671	564
canarito288	0.000419844855858738	0.00109808638232392	0.00123641234351656	565
canarito127	0.000419793072987415	0.000799602353147361	0.00113337798155685	566
tcallcenter_delta3	0.0004193989075569	0.00155279629818601	0.000515171809798568	567
canarito89	0.000416898730470475	0.00025520714307446	0.00113337798155685	568
canarito206	0.000416823055537003	0.000211879254985278	0.00103034361959714	569
mcaja_ahorro_delta3	0.000416516430396539	0.000283081429078942	0.000927309257637422	570
canarito51	0.000416115174636931	0.000370964653079656	0.00108186080057699	571
canarito306	0.000416077743363459	0.000143778001705969	0.00103034361959714	572
mrentabilidad_annual_lag2	0.000415531847823972	0.000136450716229065	0.000978826438617279	573
thomebanking_avg3	0.00041435328991462	0.000255003135126147	0.000566688990778425	574
canarito162	0.000413525708372789	0.000387254687752439	0.000978826438617279	575
canarito74	0.000412030631132041	0.000370716443409208	0.00108186080057699	576
ccallcenter_trx_delta2	0.000410659738455367	0.00118365751624376	0.000721240533717995	577
canarito224	0.000407956173631569	0.000300292899651605	0.00108186080057699	578
mv_fultimo_cierre_lag1	0.000407412051802669	0.00022332410088563	0.000875792076657565	579
mv_status02_delta3	0.000407382936772129	6.75538319513359e-05	0.000103034361959714	580
mcuentas_saldo_lag1	0.000407296423248385	0.00151341936402916	0.00103034361959714	581
ctrx_quarter_normalizado_avg3	0.000406189701746157	0.000324644648415218	0.000721240533717995	582
mpagomiscuentas_delta3	0.000405774742041291	0.00345706428999039	0.000978826438617279	583
canarito310	0.000403852748345615	0.000282588409870519	0.000875792076657565	584
canarito109	0.000403773057740398	0.000877597991919844	0.00108186080057699	585
canarito283	0.000402195767547093	0.000334984451262209	0.00123641234351656	586
Master_Fvencimiento_lag3	0.000401393072676751	0.000292911212055151	0.000772757714697852	587
canarito211	0.000401165672711722	0.000557710128832787	0.00113337798155685	588
ctarjeta_visa_debitos_automaticos_ratiomax3	0.000401027476736657	0.00101229763992589	0.000669723352738138	589
canarito38	0.000401021057190607	0.000429385729211519	0.000978826438617279	590
canarito129	0.000400409022668686	0.00115198528226819	0.00108186080057699	591
Visa_mpagospesos	0.000398833405765968	0.000611493424273004	0.000824274895677709	592
Visa_fechaalta_lag3	0.000396933515753763	0.000218635318206906	0.000772757714697852	593
mprestamos_prendarios	0.000396886252910821	0.00742208117022006	0.000978826438617279	594
canarito174	0.000396004373484371	0.000483580440680833	0.00108186080057699	595
mvr_msaldopesos_delta2	0.000395856400663094	0.00096452917882843	0.000515171809798568	596
canarito318	0.000395684685281355	0.000387819109742771	0.00123641234351656	597
canarito312	0.000394880868866278	0.000273204044248127	0.00113337798155685	598
canarito132	0.000394607707280913	0.000159510414653363	0.000927309257637422	599
mcaja_ahorro_dolares_ratiomax6	0.000393658710059094	0.000212212467967522	0.000515171809798568	600
canarito1	0.000393400234616866	0.000454465106324115	0.00108186080057699	601
ctrx_quarter_normalizado_delta1	0.000393308220559333	0.000365249030394423	0.000824274895677709	602
mvr_msaldopesos_delta3	0.000392778016491313	0.00239013332150631	0.00108186080057699	603
mpagomiscuentas_avg3	0.000392618116256153	0.00120962772806399	0.000618206171758281	604
mpayroll_delta3	0.000392478751347137	0.000772506697478939	0.000515171809798568	605
canarito94	0.000392111425700725	0.000162349525267384	0.000978826438617279	606
canarito115	0.000391565838191129	0.000414510149647038	0.00108186080057699	607
mcaja_ahorro_lag1	0.000391396183111893	0.000267423819045929	0.000515171809798568	608
canarito67	0.000391089621157049	0.000278045832888086	0.00113337798155685	609
canarito237	0.000391027956506254	0.000326443318492843	0.00103034361959714	610
mcuenta_corriente_lag2	0.000389913384755034	0.000186527867274931	0.00103034361959714	611
mvr_msaldopesos_lag2	0.000389631751783477	0.000608253098027302	0.000772757714697852	612
mv_fechaalta_lag2	0.000388703458006682	0.000194412774477224	0.000566688990778425	613
canarito72	0.000387732058098016	0.000295937329955125	0.00103034361959714	614
mcomisiones_delta2	0.000386782143556409	0.000457742834027008	0.00108186080057699	615
mautoservicio	0.000385249646889493	0.00398650231731948	0.000875792076657565	616
mrentabilidad_lag2	0.000385159316841535	0.0001845727911036	0.000875792076657565	617
canarito39	0.000384078845014862	0.000350026637317811	0.00108186080057699	618
mcomisiones_mantenimiento_avg3	0.000383550978814741	0.000632033624535639	0.000669723352738138	619
cmobile_app_trx_ratiomax3	0.000381855696248016	0.000861093748901332	0.000927309257637422	620
canarito99	0.000380453802844987	0.00301903882416782	0.00118489516253671	621
ccallcenter_trx_tend3	0.000379172002173049	0.000259263501113414	0.000257585904899284	622
ctarjeta_debito_trx_ratioavg3	0.000377857581079115	0.000237492452895959	0.000515171809798568	623
cmobile_app_trx_ratioavg3	0.000376599725782193	0.000179499793455553	0.000927309257637422	624
chomebanking_trx_lag2	0.00037604953362062	0.000169564606372716	0.000721240533717995	625
mtransferencias_emitidas_delta1	0.000376025489235997	0.000408359310005405	0.000618206171758281	626
mvr_msaldopesos_lag1	0.00037585374621055	0.00213595301843836	0.000721240533717995	627
mv_mfinanciacion_limite_delta3	0.000375676708004576	0.000257407028783767	0.000463654628818711	628
mvr_mpagominimo_avg3	0.000375652021608932	0.00115044502225842	0.000669723352738138	629
canarito134	0.000374662656674834	0.000847455817556617	0.00108186080057699	630
Visa_mconsumospesos_delta2	0.000373076687485447	0.000179676600344091	0.000721240533717995	631
canarito68	0.000371596830644811	0.000282493206161307	0.00108186080057699	632
canarito177	0.000369561602114324	0.000231970637761624	0.000978826438617279	633
ctarjeta_debito_trx_avg6	0.0003694336675966	0.00119543897525883	0.000927309257637422	634
mv_mpagospesos_ratiomax3	0.00036919117924427	0.000408209704176643	0.000669723352738138	635
canarito260	0.00036898726853307	0.00014567867575775	0.000927309257637422	636
mv_fechaalta_lag3	0.000368954007510446	0.000644141496268008	0.000824274895677709	637
ctrx_quarter_delta2	0.000367528736838815	0.000758164938712544	0.000978826438617279	638
chomebanking_trx_delta2	0.00036637099069269	0.000170268433794395	0.000824274895677709	639
ccajas_otras_ratioavg3	0.000364847504182199	0.00414375164387905	0.000669723352738138	640
mcomisiones_otras_delta3	0.000364507027346406	0.000184650994150453	0.000669723352738138	641
mtransferencias_recibidas_lag2	0.000363916799197053	0.000753176944376294	0.000721240533717995	642
mpayroll_avg6	0.000363524223561843	0.000193331532351166	0.000257585904899284	643
Visa_mpagominimo_avg3	0.000363330983886192	0.000267638027391658	0.000618206171758281	644
canarito146	0.00036319930731302	0.000370937452019881	0.00103034361959714	645
canarito149	0.00036156822020679	0.000335953489016695	0.00103034361959714	646
mvr_mconsumospesos_lag3	0.000361314088211705	0.000159296206307635	0.000721240533717995	647
Master_mpagominimo	0.000360867430764126	0.000834368707672346	0.000360620266858998	648
ctrx_quarter_normalizado_lag1	0.00036044861617235	0.000426577219789745	0.000875792076657565	649
canarito175	0.000360290045091816	0.000330159663284609	0.00103034361959714	650
ctrx_quarter_normalizado_delta3	0.000360077142841382	0.000661723581280106	0.000875792076657565	651
Visa_fechaalta_lag1	0.000359505972490175	0.000270779749795676	0.000206068723919427	652
Master_mpagospesos_avg3	0.000359202382516048	0.000771847071779394	0.000618206171758281	653
Visa_mconsumospesos_lag2	0.000358015595243991	0.000187197693371892	0.000721240533717995	654
Visa_mpagospesos_ratioavg3	0.000357385368341241	0.000243038068957597	0.000721240533717995	655
mv_mpagominimo_lag2	0.000357234140332276	0.00041171184062268	0.000618206171758281	656
canarito178	0.000356593139717345	0.000175555639788171	0.00103034361959714	657
Visa_fechaalta_delta2	0.00035613378308868	0.000779711578186855	0.000360620266858998	658
canarito242	0.000355645089715652	0.000309901674017141	0.000927309257637422	659
canarito19	0.000354137952484053	0.000228866316814796	0.000875792076657565	660
canarito282	0.000353800165550322	0.000454053690295017	0.00108186080057699	661
mpayroll_delta2	0.000353534114039556	0.000697186962961827	0.000412137447838854	662
ctrx_quarter_tend3	0.000353491192387127	0.000643869485670257	0.000618206171758281	663
Master_mfinanciacion_limite_lag3	0.000351477118063355	0.000112931999921063	0.000669723352738138	664
canarito106	0.000350977907105566	0.000391338246851168	0.000772757714697852	665
canarito227	0.000349912191941693	0.00020179786220615	0.000875792076657565	666
canarito299	0.00034838881713435	0.000204657373615002	0.00103034361959714	667
Visa_fultimo_cierre_ratioavg3	0.000348321399207291	0.000109480865462103	0.000618206171758281	668
mv_mfinanciacion_limite_lag3	0.000348284250576633	0.000289640284617201	0.000772757714697852	669
Master_mpagospesos	0.00034745518981433	0.000771156844887602	0.000515171809798568	670
canarito102	0.000344471633716752	0.000268464259582325	0.00103034361959714	671
canarito193	0.000344056082210867	7.90700806335976e-05	0.000824274895677709	672
Master_fechaalta_delta3	0.000343981156478304	0.000168007345700594	0.000309103085879141	673
mv_mpagado_avg3	0.000343645889071127	0.000388543337959282	0.000515171809798568	674
canarito316	0.000342969181811627	0.00182988329371703	0.00108186080057699	675
mv_mconsumospesos_ratioavg3	0.000342792064059472	0.000692090164386477	0.000618206171758281	676
Visa_msaldopesos_ratioavg3	0.000342731017725091	0.000256655599507481	0.000721240533717995	677
mv_fechaalta	0.000342469392028435	0.000209893577621699	0.000566688990778425	678
Visa_mpagospesos_avg3	0.000342197385273087	0.000622503053216956	0.000721240533717995	679
mtarjeta_visa_debitos_automaticos_delta1	0.000342154464748973	0.00127196235667099	0.000618206171758281	680
mpasivos_margen_delta1	0.000341885614453784	0.000270718547411182	0.000772757714697852	681
canarito247	0.000340725968789991	0.000246445001694422	0.000927309257637422	682
mvr_msaldopesos_tend3	0.000340715403816015	0.00203298340665991	0.000618206171758281	683
Master_mfinanciacion_limite_lag1	0.000339885516563251	0.000172277912085277	0.000875792076657565	684
mpayroll_sobre_edad_delta2	0.000338376200556114	0.000787300673864094	0.000566688990778425	685
mvr_msaldopesos2_lag3	0.000337713127286365	0.000289116664216531	0.000772757714697852	686
mcaja_ahorro_delta1	0.000337467207165108	0.00158380890646204	0.000824274895677709	687
canarito188	0.000335729823230686	0.000274557296971936	0.000927309257637422	688
canarito257	0.000335211286500027	0.00016583126091859	0.00103034361959714	689
canarito207	0.000334383665467184	0.000236339807987991	0.00113337798155685	690
Master_msaldototal_avg3	0.000332352993071145	0.000977578887255511	0.000360620266858998	691
canarito5	0.000331943512462091	0.000175837850783337	0.000978826438617279	692
Visa_msaldototal_delta3	0.000330357493062703	0.00014705232927639	0.000669723352738138	693
Master_mpagominimo_lag1	0.000330123929679044	0.000813791105952521	0.000566688990778425	694
cliente_antiguedad	0.000328868222693164	0.000118209005517422	0.000566688990778425	695
canarito138	0.000327561676106987	0.000312866589532622	0.000824274895677709	696
canarito315	0.000327420643548958	0.000417583869401619	0.000927309257637422	697
canarito12	0.000327342244299828	0.000195579019915079	0.000927309257637422	698
mvr_msaldopesos_lag3	0.000326895041876286	0.000228614707011877	0.000618206171758281	699
canarito324	0.000326156457278684	0.000172498920695949	0.000875792076657565	700
Visa_mpagado_avg3	0.000325758055026759	0.000215816608387716	0.000463654628818711	701
canarito333	0.000324517068597612	0.000425635383095034	0.000927309257637422	702
canarito28	0.000323780302279026	0.000153002561102183	0.00103034361959714	703
mrentabilidad_delta1	0.000321974742754275	0.000284563886836682	0.00113337798155685	704
mtransferencias_recibidas_lag1	0.000321437160072775	0.000764951603126419	0.000669723352738138	705
Visa_mconsumosdolares_delta1	0.000321260279830849	0.00027066074515916	0.000618206171758281	706
mcaja_ahorro_tend6	0.000320282482942426	0.000291306349528423	0.000824274895677709	707
canarito187	0.000319718597554584	0.000288637245537996	0.00103034361959714	708
ctransferencias_recibidas_ratiomax3	0.000319223153475165	8.87094561913808e-05	0.000566688990778425	709
ctarjeta_visa_trx_delta3	0.000318746943775129	0.000425829190645931	0.000463654628818711	710
canarito170	0.000318441547933447	0.000916985126474115	0.000927309257637422	711
canarito280	0.000318024107064725	0.000286311554927229	0.000772757714697852	712
mvr_msaldopesos2_delta3	0.000317128303671666	0.00106384704833208	0.000772757714697852	713
Visa_msaldototal_delta1	0.000315761073504259	0.000724306419557551	0.000721240533717995	714
mplazo_fijo_dolares_delta3	0.000315263783502115	0.00264172952389563	0.000412137447838854	715
Master_fechaalta_lag2	0.00031370518722549	0.000257223421630285	0.000721240533717995	716
mtransferencias_emitidas_ratiomax3	0.000312746001322622	0.0021934458584054	0.000772757714697852	717
cextraccion_autoservicio_avg3	0.00031223750489964	0.000204048749902535	0.000566688990778425	718
ctrx_quarter_lag3	0.00031094476719198	0.000376197456953881	0.000772757714697852	719
mcomisiones_otras_lag2	0.000310324913449719	2.42497447894568e-05	0.000360620266858998	720
mvr_mpagominimo_ratioavg3	0.00031002500065295	0.000393446328983734	0.000721240533717995	721
mv_fechaalta_delta2	0.000309650142942269	0.00058081402897922	0.000309103085879141	722
cproductos_ratiomax3	0.000309067325563363	0.000727896959447858	0.000309103085879141	723
mvr_mpagospesos_tend3	0.000309044119516505	0.00123786922837543	0.000669723352738138	724
mplazo_fijo_dolares_ratiomax3	0.000308507751465697	0.000375432427147708	0.000257585904899284	725
ccomisiones_otras_delta3	0.000308263237788618	0.000408206304044171	0.000875792076657565	726
canarito338	0.000306532316840358	0.000200196399811894	0.000875792076657565	727
canarito163	0.000305234596495321	0.000631612008109126	0.00103034361959714	728
mrentabilidad_avg3	0.000304968312551743	0.00165366462809684	0.000875792076657565	729
canarito270	0.000304368556349554	0.000155702266284856	0.000927309257637422	730
Master_fechaalta_tend3	0.000303726820637646	0.000388390331998047	0.000309103085879141	731
ctransferencias_recibidas_delta3	0.000303561092657456	0.00186421103115314	0.000721240533717995	732
ctrx_quarter_lag2	0.000302995170097562	0.000552405922176653	0.000824274895677709	733
Visa_cconsumos_tend3	0.000302834407265872	0.000387924513849399	0.000412137447838854	734
ctarjeta_visa_debitos_automaticos_avg3	0.000302485029156016	0.00067973408298366	0.000515171809798568	735
Visa_msaldototal_lag3	0.000301894533596097	0.000211549442135505	0.000515171809798568	736
mpayroll_sobre_edad_lag2	0.000300233523586056	0.000370951052549768	0.000360620266858998	737
mpayroll_delta1	0.000300011194266944	0.00282777117222709	0.000669723352738138	738
mv_mpagominimo_lag3	0.000298886600261082	0.000455825159312867	0.000360620266858998	739
Master_fechaalta_ratioavg3	0.000298839359984433	0.000393357925539465	0.000618206171758281	740
cmobile_app_trx_delta1	0.000298360302418288	0.000656378573034308	0.000772757714697852	741
mvr_msaldopesos2_lag2	0.000296993111177735	0.000169421800808897	0.000669723352738138	742
mpasivos_margen_avg6	0.000296326618550519	0.000184127373749783	0.000566688990778425	743
ctarjeta_debito_trx_ratioavg6	0.000296060829372903	0.000410661199688869	0.000618206171758281	744
Visa_cconsumos_lag1	0.000294968706005272	0.000655980757535098	0.000721240533717995	745
Visa_mfinanciacion_limite_avg3	0.000294961157580442	0.000167351120133521	0.000566688990778425	746
canarito330	0.000294442611823267	0.000235040957383732	0.000824274895677709	747
Master_Fvencimiento_tend3	0.000292170129191987	0.000255628759500973	0.000515171809798568	748
canarito168	0.000292168607659718	0.000324049625232639	0.000978826438617279	749
ccaja_ahorro_ratioavg6	0.000292052065734746	0.00455299158819467	0.000618206171758281	750
mcuenta_debitos_automaticos_lag1	0.000290869649553539	0.000207214273233857	0.000463654628818711	751
mtarjeta_visa_debitos_automaticos_avg3	0.000290357399227805	0.000199227362057408	0.000515171809798568	752
canarito160	0.000289173518494218	0.000698961832112149	0.000978826438617279	753
Visa_mpagospesos_lag2	0.000285849934630067	0.000236829427063942	0.000669723352738138	754
ctarjeta_visa_trx_delta2	0.000285689913101085	8.74412067793691e-05	0.000566688990778425	755
mvr_mpagominimo_delta2	0.000285533164812825	0.000510628494494648	0.000412137447838854	756
mv_cconsumos_lag2	0.000284616501703167	0.000303750834375508	0.000618206171758281	757
ccajas_trx_avg3	0.000284240532602582	0.00153669327079919	0.000618206171758281	758
ctarjeta_debito_trx_tend3	0.00028295187713723	0.000569974406658863	0.000618206171758281	759
cliente_antiguedad_lag2	0.000282475449108314	0.000199053955301342	0.000618206171758281	760
mextraccion_autoservicio_avg3	0.000282386282352733	0.000931156878616916	0.000463654628818711	761
mpayroll_sobre_edad_delta1	0.00028218209746108	0.000876761559331761	0.000515171809798568	762
ctransferencias_recibidas_delta2	0.000280916952123376	0.000400889218964682	0.000618206171758281	763
mtarjeta_visa_consumo_delta2	0.000280772503028668	0.000213548720028971	0.000412137447838854	764
Visa_fechaalta_lag2	0.000280675876985112	0.000116556541136088	0.000515171809798568	765
Visa_mconsumospesos_avg3	0.00028002849913593	0.000168034546760369	0.000772757714697852	766
mv_msaldopesos_avg3	0.000279476877399729	0.000430497572529824	0.000257585904899284	767
Master_fechaalta_avg3	0.000279263958788733	9.21027883983182e-05	0.000360620266858998	768
mv_msaldototal_delta3	0.00027923317385255	0.00255815426773679	0.000669723352738138	769
mv_cconsumos_ratioavg3	0.000279158190575942	0.000283758055440846	0.000566688990778425	770
Master_mpagospesos_delta2	0.000278163509587496	0.00136254528585437	0.000669723352738138	771
Visa_Fvencimiento_ratiomax3	0.000278086735111424	0.00109013007233972	0.000360620266858998	772
canarito42	0.000277450842376793	0.000774686182393415	0.000824274895677709	773
canarito235	0.000277253247970854	0.000259249900583527	0.000721240533717995	774
mautoservicio_delta3	0.000276017697197405	0.00113743611542101	0.000566688990778425	775
mpayroll_sobre_edad_tend3	0.000275809616799514	0.000326562323129359	0.000360620266858998	776
mpasivos_margen_tend3	0.000275043565074879	0.000156195285493279	0.000566688990778425	777
canarito276	0.000272047559717905	0.000117199166173273	0.000824274895677709	778
Visa_msaldototal_tend3	0.000267652452126202	0.000250093343836751	0.000669723352738138	779
Master_mpagominimo_lag2	0.00026388212731919	0.000304988482595273	0.000309103085879141	780
mvr_msaldototal_tend3	0.000263211145692245	0.000622839666331672	0.000515171809798568	781
mv_cconsumos_lag1	0.000262909515600619	0.000392592895733292	0.000360620266858998	782
mtransferencias_recibidas_delta3	0.000262011597181798	0.000220835203916213	0.000721240533717995	783
Visa_mconsumospesos_ratiomax3	0.00025959797705923	0.0007564410715493	0.000566688990778425	784
Visa_mpagominimo_delta2	0.000259380760133677	0.000286739971618686	0.000566688990778425	785
mcomisiones_otras	0.000258283027349895	0.00186652652136649	0.000463654628818711	786
ctrx_quarter_ratiomax3	0.000257856608481715	0.000131802735140003	0.000618206171758281	787
mv_cconsumos_lag3	0.000257731326631671	0.000238971510521227	0.000515171809798568	788
ccomisiones_otras_ratiomax3	0.000257200415110381	0.000148565388226378	0.000515171809798568	789
ctransferencias_emitidas_ratioavg3	0.000256547966051125	0.000150965881751526	0.000412137447838854	790
cliente_antiguedad_ratioavg3	0.000256018962509863	0.000209070745563504	0.000515171809798568	791
Master_msaldopesos_avg3	0.000255897078579307	0.000184739397594722	0.000309103085879141	792
ccuenta_debitos_automaticos_delta3	0.000255881413059077	0.00127791938876172	0.000412137447838854	793
mcomisiones_mantenimiento_delta2	0.000253358961913672	0.000157504336494953	0.000412137447838854	794
Visa_msaldopesos_lag1	0.000253336800121998	0.00165095132238428	0.000669723352738138	795
mv_fechaalta_lag1	0.000247751950766396	0.000171057264527872	0.000566688990778425	796
canarito48	0.000246042054832827	0.000272466215501729	0.000772757714697852	797
ctrx_quarter_normalizado_tend3	0.000245786684512443	0.00070297738856144	0.000515171809798568	798
mtarjeta_visa_consumo_ratioavg3	0.000243496271269327	0.000245091748970613	0.000515171809798568	799
mrentabilidad_annual_avg6	0.000242873976418379	9.93586710933127e-05	0.000309103085879141	800
mv_mpagospesos_lag1	0.00024265723282081	8.61593568374699e-05	0.000360620266858998	801
mv_mfinanciacion_limite	0.000242233955744698	0.000753578160007977	0.000412137447838854	802
cplazo_fijo_ratiomax3	0.000240990413118773	0.00239125536522203	0.000360620266858998	803
mv_fultimo_cierre_ratioavg3	0.00023835747571298	0.00124637975995255	0.000669723352738138	804
Master_mfinanciacion_limite_lag2	0.000238347667838117	0.000857510009275969	0.000566688990778425	805
mrentabilidad_tend3	0.000237813980098696	0.000506262724400753	0.000618206171758281	806
mv_msaldototal_ratioavg3	0.000237701045395575	0.00010974607579491	0.000618206171758281	807
mpasivos_margen_lag3	0.000237401438372069	0.00014430502223911	0.000463654628818711	808
mpayroll_sobre_edad_ratioavg3	0.000236902113454502	0.00130878239120899	0.000309103085879141	809
Visa_mpagospesos_ratiomax3	0.000236855209979767	0.000235136161092945	0.000463654628818711	810
matm_avg3	0.000236651305474297	0.000261572191061822	0.000412137447838854	811
canarito231	0.000235683651570181	0.000143094575079121	0.000566688990778425	812
ctarjeta_debito_tend6	0.000234982340846161	0.00256905169230917	0.000618206171758281	813
mvr_mpagominimo_tend3	0.000233581899301974	0.000228988721583784	0.000309103085879141	814
mtransferencias_emitidas_lag1	0.000233472617517446	0.000624492130713006	0.000463654628818711	815
mv_mpagominimo_tend3	0.000233445015556815	0.00035750692875595	0.000309103085879141	816
Master_msaldototal_ratioavg3	0.000233120267426872	0.000352141519715321	0.000618206171758281	817
ctransferencias_recibidas_ratioavg3	0.000232818607999065	0.000207299276545654	0.000721240533717995	818
mcaja_ahorro_adicional	0.000232478360211141	0.00147845240168833	0.000463654628818711	819
ccomisiones_otras_lag1	0.000232135449600706	0.000117403174121586	0.000669723352738138	820
mcheques_depositados_ratiomax3	0.000231790062903829	0.00331652321439765	0.000566688990778425	821
cseguro_vida_ratiomax6	0.000231253096282114	0.00305666809023413	0.000515171809798568	822
ccomisiones_mantenimiento_delta2	0.000230565342258293	0.00015026885459479	0.00015455154293957	823
Master_msaldototal_lag2	0.000226666460103886	0.000458300455752397	0.000360620266858998	824
mv_msaldopesos_lag2	0.000222970900244603	0.00042906271662669	0.000515171809798568	825
mcaja_ahorro_dolares_avg6	0.000222636228587547	0.000219009332778813	0.000360620266858998	826
Visa_mpagospesos_delta2	0.000222376572928224	0.0001932669298342	0.000669723352738138	827
ccomisiones_otras_lag3	0.000222349689704008	0.000630931981614749	0.000566688990778425	828
canarito236	0.000221897454433089	9.18001766083208e-05	0.000566688990778425	829
mv_mfinanciacion_limite_lag2	0.000217503419868592	0.00016733071933869	0.000515171809798568	830
mv_mpagominimo_lag1	0.000217317505775633	0.000444359912617684	0.000309103085879141	831
mvr_mconsumospesos	0.000217011630964394	0.000145733077877301	0.000360620266858998	832
cextraccion_autoservicio_ratiomax3	0.000214922107934232	0.000533623590401981	0.000515171809798568	833
ccomisiones_otras_delta2	0.000214430033566435	4.57759834689367e-05	0.000360620266858998	834
mtarjeta_visa_debitos_automaticos_lag1	0.000214236810815504	0.000446940613163841	0.000412137447838854	835
mv_mlimitecompra_avg3	0.000213699102326923	9.89336545343276e-05	0.000412137447838854	836
ctarjeta_visa_trx_avg3	0.000212702991199692	0.000657932433573958	0.000412137447838854	837
mv_msaldopesos_ratiomax3	0.000212062215683529	0.000143356385279456	0.000412137447838854	838
cpagomiscuentas_ratiomax3	0.000208264112334648	7.86722651343874e-05	0.000360620266858998	839
ccuenta_debitos_automaticos	0.000207149551866575	0.000655494538591619	0.000257585904899284	840
Master_fechaalta_lag1	0.000206160763501249	4.22058443734615e-05	0.000309103085879141	841
mv_cconsumos_tend3	0.000204664644261947	7.00393287882811e-05	0.000257585904899284	842
ccuenta_debitos_automaticos_delta2	0.000203799752740466	0.00234772686931701	0.000463654628818711	843
cpayroll_trx_lag1	0.000203237568286918	0.000519513040643674	0.00015455154293957	844
Visa_msaldopesos_lag2	0.000201961694369619	0.000175310830250195	0.000412137447838854	845
Visa_mpagominimo_tend3	0.000201153884284932	0.000216200823357039	0.000412137447838854	846
Visa_mpagominimo_ratiomax3	0.000201086271159443	3.03529825764836e-05	0.00015455154293957	847
mv_msaldopesos_delta3	0.000200767635109814	0.000636181786151334	0.000360620266858998	848
tmobile_app_tend3	0.000199996746864547	0.000262554829346195	0.000412137447838854	849
Visa_mpagominimo_ratioavg3	0.000198520960983072	0.000144400225948323	0.000463654628818711	850
mautoservicio_lag3	0.000197695136227109	0.000731694907418949	0.000618206171758281	851
mpayroll_sobre_edad_lag3	0.000197458363916661	5.62551917472746e-05	0.000257585904899284	852
mpayroll_tend3	0.000197302903599544	0.00142339745670363	0.000360620266858998	853
ctransferencias_recibidas	0.000197096996335617	0.00166906382806199	0.000360620266858998	854
mv_mpagospesos_avg3	0.000196943170946389	0.000181594275058232	0.000360620266858998	855
mcomisiones_lag2	0.000194450391654792	8.14365728340269e-05	0.000515171809798568	856
ctrx_quarter_normalizado_delta2	0.00019396367790977	0.000347218127896037	0.000463654628818711	857
mpayroll_sobre_edad_lag1	0.000192678063816484	0.000532576349600642	0.000257585904899284	858
mpayroll_ratioavg3	0.000192314299695181	5.45619257762778e-05	0.00015455154293957	859
cextraccion_autoservicio_tend3	0.000191738058133899	0.000215847209579963	0.000360620266858998	860
mv_status02	0.000189053436584312	0.00155950475955304	0.000360620266858998	861
ctarjeta_visa_debitos_automaticos_lag1	0.000188345186725359	0.000382657708650455	0.000360620266858998	862
mtarjeta_visa_consumo_avg3	0.000187134238288115	8.06647427629098e-05	0.000360620266858998	863
Visa_fechaalta_ratioavg3	0.000184985662655511	9.81890255229856e-05	0.000360620266858998	864
tmobile_app_delta1	0.000184544583031273	0.000270368333766578	0.000309103085879141	865
mv_fechaalta_avg3	0.000184190845113712	0.000242579051073893	0.000309103085879141	866
Master_msaldototal	0.00018328629558985	0.000174525399649191	0.000257585904899284	867
mvr_mpagominimo_lag3	0.00018198886127257	0.000197245084826301	0.000412137447838854	868
Visa_msaldototal	0.000181623343750342	0.000109069449433005	0.000309103085879141	869
mcuenta_debitos_automaticos_delta3	0.000181449994004871	0.00128417223237751	0.000412137447838854	870
mtarjeta_master_consumo_tend6	0.000180524246270023	0.000419096928351606	0.000412137447838854	871
ccomisiones_otras_tend3	0.00018045626700644	0.000110160891956479	0.000360620266858998	872
ccaja_seguridad_lag2	0.000180342096234648	6.8866283085482e-05	0.000103034361959714	873
mactivos_margen_tend3	0.000179051131673419	0.000323971422185786	0.000412137447838854	874
mv_status05_delta2	0.000178733033829865	4.65240126127506e-05	5.15171809798568e-05	875
ctrx_quarter_normalizado_lag3	0.000178518187493335	0.000150217852607712	0.000566688990778425	876
Visa_mpagominimo_lag3	0.000177505973623958	7.33000558288151e-05	0.000309103085879141	877
Visa_Fvencimiento_lag1	0.000176344432391598	8.69957894255527e-05	0.000309103085879141	878
mvr_mconsumospesos_delta2	0.000175177076389826	0.000291778967942014	0.000412137447838854	879
mvr_msaldopesos2	0.000175010366211757	0.000114550462977678	0.000463654628818711	880
Visa_msaldopesos_delta1	0.000173460553300317	0.000105489109940115	0.000463654628818711	881
ccaja_seguridad_avg3	0.000172814910799026	0.000285094307502296	0.00015455154293957	882
mcuenta_corriente_tend3	0.000171455196899482	0.000670968541471151	0.000360620266858998	883
ccaja_ahorro_tend6	0.000171379732960844	0.000317633575258199	0.000257585904899284	884
cextraccion_autoservicio_lag3	0.000169319877271231	8.15725781329021e-05	0.000257585904899284	885
Visa_mconsumosdolares_ratiomax3	0.000168615465938626	2.18730521916118e-05	0.00015455154293957	886
cplazo_fijo_tend6	0.000166794132011284	0.00148341659509728	0.000360620266858998	887
ccomisiones_mantenimiento	0.000166425412896311	0.00173996339036566	0.000360620266858998	888
mcaja_ahorro_tend3	0.000165424841541374	0.000122887587798731	0.000360620266858998	889
Master_msaldopesos	0.000165346997423039	3.94857383959565e-05	0.000257585904899284	890
cliente_edad_delta3	0.000164392292621698	3.09106043018721e-05	0.000257585904899284	891
ccomisiones_otras	0.000163727116737647	3.48207566445355e-05	0.000360620266858998	892
mtransferencias_emitidas_ratioavg3	0.000161496314048554	0.000113809234098808	0.000309103085879141	893
Master_msaldopesos_lag3	0.000161072432195804	0.000271622982648702	0.000257585904899284	894
Visa_msaldopesos_avg3	0.000160616414814267	0.000237750862963822	0.000412137447838854	895
mvr_mconsumospesos_ratioavg3	0.00016021746307312	0.000248563284224404	0.000463654628818711	896
mplazo_fijo_dolares	0.000157581729139533	0.00244688493259448	0.000412137447838854	897
catm_trx_other_avg3	0.000156347698205883	0.00443386794704231	0.000566688990778425	898
ctarjeta_visa_descuentos_ratioavg3	0.000156241018879033	0.00452543351451007	0.000566688990778425	899
mvr_mpagominimo_lag2	0.00015617336682669	5.60613841963774e-05	0.000206068723919427	900
ctarjeta_debito_trx_tend6	0.000154998566769191	0.000294968292200639	0.000463654628818711	901
Visa_mpagospesos_lag1	0.000154490240721717	5.67720118830006e-05	0.000463654628818711	902
mcomisiones_otras_lag3	0.000151964351601655	4.37699053105268e-05	0.000257585904899284	903
cextraccion_autoservicio	0.000151926280009635	0.000125556691789157	0.000257585904899284	904
Visa_msaldopesos_lag3	0.000149119339000047	9.03245191155244e-05	0.000309103085879141	905
mautoservicio_lag2	0.00014701719859161	0.0001369301349076	0.000412137447838854	906
mvr_msaldodolares_lag1	0.000145039694073095	0.000199070955963701	0.000257585904899284	907
mcomisiones	0.000144741320861629	0.000367289109877552	0.000309103085879141	908
mpagomiscuentas_lag3	0.000144240698382245	0.000193770149440038	0.000309103085879141	909
ctransferencias_emitidas_ratiomax3	0.000141923716714693	0.000220896406300707	0.000309103085879141	910
tpaquete9_delta3	0.000141734191450783	0.000167028107548693	0.00015455154293957	911
mcuenta_debitos_automaticos_lag3	0.000141511505020093	3.3402901403761e-05	0.000206068723919427	912
mv_mpagominimo_delta3	0.000139687022530794	0.00024278985928715	0.000360620266858998	913
matm_delta1	0.000139679960409567	9.27930152901101e-05	0.000309103085879141	914
mv_mconsumosdolares_avg3	0.000138950728976035	0.000486722163084852	0.000412137447838854	915
Master_mpagospesos_delta3	0.000137194469466279	0.0020370601654937	0.000412137447838854	916
internet_delta1	0.000133976842243461	0.000122860386738956	0.000309103085879141	917
Visa_mconsumosdolares_ratioavg3	0.000131183812224865	0.000179251583785106	0.000360620266858998	918
mvr_msaldototal_lag2	0.000131179304607945	9.75430003533282e-05	0.000206068723919427	919
cliente_vip_ratioavg6	0.000130975759470682	0.0046380799033035	0.000515171809798568	920
mv_cconsumos_ratiomax3	0.000129847093941502	3.3518505907805e-05	0.000257585904899284	921
Visa_msaldodolares_lag1	0.000129418605744303	0.000168962782925193	0.000257585904899284	922
mautoservicio_avg6	0.000128556848680845	0.000107610792602568	0.000257585904899284	923
mv_msaldopesos_lag3	0.000128432569338344	0.000983226507291305	0.000309103085879141	924
mcaja_ahorro_dolares_lag1	0.000128012574529471	4.74794498373492e-05	0.000257585904899284	925
Visa_delinquency_avg3	0.00012691187653486	6.17736067491378e-05	0.00015455154293957	926
Master_mpagominimo_lag3	0.000126829755539945	0.000545061636037389	0.000257585904899284	927
Visa_mlimitecompra_lag2	0.000126493036556005	0.000737005914340027	0.000309103085879141	928
mpagomiscuentas_ratiomax3	0.000125341159902551	3.15770302663608e-05	0.00015455154293957	929
Master_mlimitecompra_lag2	0.000124960761038755	0.000419766754448567	0.000309103085879141	930
mtarjeta_visa_consumo_tend3	0.000123097153111578	0.000295158699619064	0.000309103085879141	931
mtarjeta_visa_consumo_lag3	0.000121864091400189	5.32800758343786e-05	0.000206068723919427	932
cpayroll_trx_avg6	0.000121465145300615	0.000577672306575202	0.00015455154293957	933
mvr_mconsumospesos_lag2	0.000120568452231475	0.000224616151224945	0.000309103085879141	934
Visa_msaldototal_delta2	0.000119910311953258	0.000123972230057261	0.000309103085879141	935
mvr_msaldopesos	0.000119164032814083	0.000524273226104308	0.000257585904899284	936
mplazo_fijo_dolares_lag2	0.000118620523095866	0.00149542586298796	0.000360620266858998	937
mtransferencias_recibidas_delta1	0.00011785024526881	0.000106158936037075	0.000360620266858998	938
ccallcenter_trx_delta1	0.000117629824493884	0.000268678467928053	0.000206068723919427	939
Visa_mpagominimo_delta3	0.000115602583866772	4.32462849098571e-05	0.000309103085879141	940
mcomisiones_mantenimiento_tend3	0.000112541693084911	7.4677109479927e-05	0.00015455154293957	941
mcomisiones_mantenimiento_lag1	0.000107923685246896	0.000303200012915063	0.000257585904899284	942
cextraccion_autoservicio_lag2	0.000107023241095791	2.56369988379843e-05	0.000257585904899284	943
Master_Fvencimiento_delta3	0.000106947534005352	4.22262451682928e-05	0.00015455154293957	944
Master_msaldototal_lag3	0.000106384272575497	0.00024884549521957	0.000206068723919427	945
Master_mpagominimo_tend3	0.000106006573768595	0.000242766058359847	0.000206068723919427	946
Master_mpagospesos_lag3	0.000105968554079047	0.000405618803233069	0.000257585904899284	947
ccaja_ahorro_lag3	0.000105899144676678	7.40004831180227e-05	0.000206068723919427	948
mv_cconsumos	0.000105830420161285	0.000114292052909815	0.000206068723919427	949
ccomisiones_mantenimiento_tend3	0.000104228620717733	0.00194361772490146	0.000309103085879141	950
Visa_mfinanciacion_limite_lag2	0.000103537257215432	5.55615647230109e-05	0.000257585904899284	951
cextraccion_autoservicio_delta3	0.000102659850428149	0.000742493728149644	0.000257585904899284	952
Visa_fechaalta_avg3	0.000102524898357625	5.5473161278742e-05	0.000309103085879141	953
mvr_mpagado_delta2	9.94961803389341e-05	0.000167476925034981	0.000206068723919427	954
thomebanking_delta3	9.5607102110289e-05	3.79964803732725e-05	0.000206068723919427	955
mv_cconsumos_delta2	9.56069994336582e-05	0.000541498297206858	0.000257585904899284	956
mforex_sell_delta1	9.51111006434452e-05	3.99787576043793e-05	0.00015455154293957	957
mplazo_fijo_dolares_delta2	9.28883422734587e-05	0.0018838535964432	0.000257585904899284	958
mcaja_ahorro_dolares_avg3	9.06468138255558e-05	0.000543184762912911	0.000257585904899284	959
tpaquete9_tend6	9.02269515936518e-05	3.74048573231652e-05	5.15171809798568e-05	960
mcomisiones_otras_tend3	9.01286810315327e-05	7.2072608006466e-05	0.000257585904899284	961
matm_other_avg3	9.00194613043088e-05	4.50619556498417e-05	0.000103034361959714	962
ctransferencias_recibidas_lag3	8.99996300464891e-05	3.53341766477895e-05	0.00015455154293957	963
mvr_mpagominimo_delta3	8.9701435672891e-05	8.10149564075136e-05	0.000309103085879141	964
mvr_mpagado_avg3	8.88755804524331e-05	0.00023326608823341	0.000206068723919427	965
ctarjeta_master_trx_avg3	8.69673251156103e-05	0.000171380277112701	0.00015455154293957	966
mvr_mpagado_delta3	8.63285523579033e-05	0.000386289050130424	0.000206068723919427	967
mcuenta_debitos_automaticos_lag2	8.57759422180924e-05	9.10589477294507e-05	0.000206068723919427	968
ctarjeta_visa_trx_tend3	8.3637507313166e-05	9.73933945245654e-05	0.000206068723919427	969
ctransferencias_recibidas_lag2	8.21704850513704e-05	0.000573085527870634	0.00015455154293957	970
cprestamos_personales_avg6	7.96053520203945e-05	0.00104510551814707	0.000206068723919427	971
cliente_edad_ratioavg3	7.86109965507175e-05	0.000585540213115135	0.000206068723919427	972
mdescubierto_preacordado_avg3	7.54593260875218e-05	9.23475979362937e-05	0.000103034361959714	973
ctarjeta_visa_trx_lag3	7.43318170808307e-05	0.000403425717788706	0.000257585904899284	974
ccajas_consultas_delta2	7.28894383387232e-05	0.000115152286425201	0.000103034361959714	975
Visa_mpagado_lag1	6.88350913539401e-05	0.000294842487299179	0.00015455154293957	976
Visa_msaldopesos_delta3	6.81167419507933e-05	9.65297608767076e-06	0.00015455154293957	977
mdescubierto_preacordado_delta2	6.75637007947963e-05	0.000213161104927177	0.000103034361959714	978
mcheques_depositados_avg3	6.07811815725951e-05	0.000274948312206202	0.00015455154293957	979
cpayroll_trx_lag2	6.00654724256669e-05	3.32804966347733e-05	5.15171809798568e-05	980
Master_mpagominimo_avg3	5.9979476798335e-05	2.50011740657425e-05	0.00015455154293957	981
ctarjeta_debito_trx_lag1	5.8794936000693e-05	0.00025148399801775	0.00015455154293957	982
mv_msaldototal_lag3	5.82934080488242e-05	2.00233801269084e-05	0.00015455154293957	983
ccuenta_debitos_automaticos_lag3	5.66665893568138e-05	0.000247839056007893	0.000103034361959714	984
Visa_Finiciomora_lag1	5.6183939236908e-05	3.85983038207955e-05	5.15171809798568e-05	985
Visa_Fvencimiento_delta2	5.40618411994128e-05	8.01853240843746e-05	0.000103034361959714	986
mv_msaldopesos_lag1	5.33127384528924e-05	4.43785290229936e-05	0.000103034361959714	987
mprestamos_personales_tend3	5.2673280808209e-05	7.03827421679411e-05	0.000103034361959714	988
mplazo_fijo_dolares_lag3	4.96245532579877e-05	0.000924849632881577	0.00015455154293957	989
mprestamos_personales_lag2	4.86143957420109e-05	6.7322622943248e-05	0.00015455154293957	990
thomebanking_lag3	4.80042697642756e-05	9.45916853677353e-06	0.00015455154293957	991
ccomisiones_mantenimiento_lag3	4.77978761967464e-05	7.66049845914837e-06	5.15171809798568e-05	992
tpaquete9_lag1	4.75266959318602e-05	3.68438354653048e-05	0.000103034361959714	993
cseguro_vida_ratioavg6	4.5697101049003e-05	0.000871957172148993	0.000206068723919427	994
mcaja_ahorro_adicional_lag3	4.26790286787829e-05	6.48575269011341e-05	5.15171809798568e-05	995
ccallcenter_trx_lag3	4.18112859062485e-05	0.000513811018488329	0.00015455154293957	996
mv_status05_ratioavg3	3.96383200605896e-05	8.13991713768362e-06	5.15171809798568e-05	997
mv_Finiciomora_ratiomax3	3.61261496902954e-05	2.2699284382279e-05	5.15171809798568e-05	998
mprestamos_prendarios_delta3	3.56082961541416e-05	0.00189577446088962	0.000206068723919427	999
cpayroll_trx_delta3	3.47410126056589e-05	2.11420237101574e-05	5.15171809798568e-05	1000
Visa_Fvencimiento_delta3	3.26865468750008e-05	1.46987726759425e-05	0.000103034361959714	1001
Master_mpagominimo_delta2	3.02135610426833e-05	1.42091535999916e-05	0.000103034361959714	1002
Master_mpagominimo_delta3	3.01893869018784e-05	0.000137392552923776	0.000103034361959714	1003
Master_msaldopesos_delta3	2.96901539419535e-05	5.90943023612954e-06	0.000103034361959714	1004
cproductos_lag3	2.92436843587594e-05	4.51333584317512e-05	0.000103034361959714	1005
cproductos_delta2	2.87801241939658e-05	2.17030455680178e-05	5.15171809798568e-05	1006
mcaja_ahorro_adicional_delta3	2.86981882426486e-05	5.66938088361473e-05	5.15171809798568e-05	1007
Visa_mfinanciacion_limite_delta3	2.59523544964316e-05	0.000489432068664941	0.000103034361959714	1008
mcuenta_debitos_automaticos_delta2	2.52280419505005e-05	0.000770160606073341	0.000103034361959714	1009
ctarjeta_debito_ratiomax3	2.30534428694243e-05	0.000977354478512366	0.000103034361959714	1010
mvr_mpagado	2.29342561749752e-05	2.74050677233626e-05	5.15171809798568e-05	1011
mprestamos_personales_delta2	2.2327609355381e-05	2.25088769638536e-05	0.000103034361959714	1012
Master_msaldototal_delta3	2.12336536048012e-05	1.02513994027219e-05	5.15171809798568e-05	1013
mdescubierto_preacordado_lag3	1.91227958375836e-05	1.01153941038466e-05	5.15171809798568e-05	1014
Visa_Finiciomora_lag3	1.75151178748434e-05	8.71793965790342e-05	5.15171809798568e-05	1015
ccuenta_debitos_automaticos_lag2	1.71677763728822e-05	2.88297232290808e-05	5.15171809798568e-05	1016
Master_status	1.580269620899e-05	1.71876696453595e-05	5.15171809798568e-05	1017
mplazo_fijo_dolares_lag1	1.3933571951619e-05	4.26988635818842e-05	5.15171809798568e-05	1018
tpaquete9_lag3	1.17819154559364e-05	2.03667935065685e-05	5.15171809798568e-05	1019
Master_cconsumos_tend3	1.1210650890458e-05	1.15672506693399e-05	5.15171809798568e-05	1020
ccaja_seguridad_delta3	9.85094432495938e-06	0.000977354478512366	0.000103034361959714	1021
