Feature	Gain	Cover	Frequency	pos
ctrx_quarter_normalizado	0.300246774698607	0.0299173921234887	0.005754341912534	1
mcaja_ahorro	0.0336643206169903	0.00855958195231099	0.00439422473320778	2
ctrx_quarter	0.0300668159574027	0.00641863075301963	0.00156936597614564	3
mtarjeta_visa_consumo	0.0298909533855999	0.0174547119041641	0.005754341912534	4
mcuentas_saldo_avg3	0.0214754040916841	0.00179272843680106	0.00136011717932622	5
mcuentas_saldo	0.0168869031939539	0.0123238619802149	0.00627746390458255	6
mdescubierto_preacordado	0.0151940143869376	0.000761999274380721	0.0011508683825068	7
cpayroll_trx	0.0148369678464389	0.0114698134077454	0.00428960033479807	8
mv_status06_ratioavg3	0.0143029439337477	0.000848262403044993	0.000418497593638837	9
mdescubierto_preacordado_tend6	0.0126242186632253	0.00462997567983925	0.00303410755388157	10
cproductos_ratioavg6	0.0114016633810824	0.00774527670287449	0.00491734672525633	11
mpayroll_sobre_edad	0.0105874270044401	0.0142912592386954	0.0034526051475204	12
mprestamos_personales_ratioavg6	0.00893736078789402	0.00582703385677073	0.0046034735300272	13
mprestamos_personales_ratiomax6	0.00823580237498308	0.00430238755599622	0.00449884913161749	14
ctarjeta_visa_trx_ratioavg6	0.00791179946636443	0.00914951586983401	0.00387110274115924	15
mcuenta_corriente	0.00763177207969991	0.000907986384327426	0.00324335635070098	16
foto_mes	0.00749374377526124	0.00865078419007496	0.0101485666457418	17
mpasivos_margen	0.00718292560369388	0.00449508132311645	0.0034526051475204	18
mdescubierto_preacordado_delta4	0.0053543817807328	0.00078232872217568	0.000209248796819418	19
ctarjeta_visa_tend6	0.00518649158062146	0.00155221313163864	0.000313873195229127	20
mprestamos_personales	0.00507900185703308	0.00306435906423776	0.00303410755388157	21
mv_status07_ratioavg3	0.00496486207698318	0.000825379317506181	0.000523121992048546	22
cpayroll_trx_ratioavg6	0.00450023946987508	0.012858606180547	0.00292948315547186	23
cpayroll_trx_avg3	0.00386879782148542	0.00605103148559975	0.00219711236660389	24
mcomisiones_mantenimiento_delta4	0.00360784890564145	0.00622186362227871	0.00554509311571459	25
mactivos_margen_avg3	0.00354613246884959	0.00144699079982245	0.00313873195229127	26
mactivos_margen	0.00349787089877262	0.00421363930182024	0.00470809792843691	27
mprestamos_personales_ratioavg3	0.00344674508692749	0.00849996385356916	0.00261560996024273	28
mdescubierto_preacordado_delta1	0.00326561803138273	0.0102820043821545	0.00324335635070098	29
mprestamos_personales_delta3	0.00322756896341323	0.00671100981792121	0.00188323917137476	30
mpayroll	0.00318748084258197	0.0115154238692045	0.00240636116342331	31
ccaja_ahorro	0.00312205165854298	0.00390514740559343	0.00324335635070098	32
ctarjeta_visa_ratioavg6	0.00312186637677164	0.000754830403543712	0.000104624398409709	33
mcuentas_saldo_delta3	0.00308995827658232	0.00285996839057374	0.00387110274115924	34
mprestamos_personales_lag3	0.00284461545214974	0.00099341490943639	0.00136011717932622	35
mcuentas_saldo_ratioavg3	0.00274796882445308	0.000967542199221849	0.00397572713956895	36
cproductos	0.00258719562570913	0.0034376199333873	0.00292948315547186	37
mprestamos_personales_ratiomax3	0.0025508444689616	0.00384178604762219	0.00292948315547186	38
mv_status04_delta3	0.00240388128710538	0.00169612618946655	0.000418497593638837	39
mcuentas_saldo_ratioavg6	0.00239286943818351	0.00160820008207641	0.00387110274115924	40
cproductos_ratioavg3	0.00232519088208019	0.00176432700238163	0.00136011717932622	41
mv_mpagominimo	0.00232418770911787	0.00378652158981439	0.00261560996024273	42
ctarjeta_master_trx_ratioavg6	0.00231712069099318	0.00572924821633542	0.00292948315547186	43
mv_msaldopesos	0.00229736213045674	0.000366814490942499	0.000941619585687382	44
mtarjeta_visa_consumo_tend6	0.00228444233924791	0.00104164129248675	0.0011508683825068	45
cliente_edad_lag4	0.00225046470336331	0.00350063873019778	0.00554509311571459	46
mtransferencias_recibidas	0.00224007712247674	0.00376318383218948	0.00324335635070098	47
cproductos_ratiomax6	0.00214237118942657	0.000840688687199812	0.00146474157773593	48
Visa_fechaalta_tend3	0.00213297709503323	0.00789904929374757	0.00324335635070098	49
mcaja_ahorro_dolares_delta1	0.00208691903666844	0.00685640523131751	0.00355722954593011	50
mcuentas_saldo_ratiomax6	0.00202976978929951	0.00153448714866546	0.00261560996024273	51
mactivos_margen_avg6	0.00196727157146426	0.00645801282973762	0.00387110274115924	52
ctarjeta_visa_trx_tend6	0.00194464920202998	0.00312036469982976	0.00366185394433982	53
mcomisiones_mantenimiento	0.00193994649764325	0.00337204749883297	0.00334798074911069	54
mv_msaldototal_avg3	0.00193183969714721	0.00093433245178229	0.00156936597614564	55
mcuentas_saldo_tend6	0.00188425355214378	0.000706990180347302	0.00282485875706215	56
mpayroll_ratiomax3	0.00183072115265856	0.0023633605900114	0.000941619585687382	57
mtarjeta_visa_debitos_automaticos_tend3	0.00182536369474737	0.003965301145423	0.00366185394433982	58
chomebanking_trx_delta1	0.00178658471315805	0.00421743861651232	0.00408035153797866	59
mrentabilidad_annual	0.00178412824584546	0.000948128323983832	0.00188323917137476	60
ccaja_ahorro_avg3	0.0017630451592537	0.00126317248095829	0.00167399037455535	61
mcuenta_corriente_ratioavg6	0.00174777111787772	0.00300232435221638	0.00408035153797866	62
mcuentas_saldo_delta4	0.00172715208950455	0.00268629611045283	0.00292948315547186	63
ccomisiones_mantenimiento_ratioavg3	0.00166647226424262	0.00227641233902561	0.0023017367650136	64
mrentabilidad_avg6	0.0016497628820117	0.00400805277828593	0.00292948315547186	65
mv_Finiciomora_avg3	0.00162760256976668	0.0024210790314072	0.0011508683825068	66
ctrx_quarter_delta4	0.00161038241915828	0.00361222024283463	0.00334798074911069	67
mpasivos_margen_avg3	0.00157992803423913	0.000412194502166173	0.00136011717932622	68
mcaja_ahorro_avg3	0.00157619913668037	0.00165161192372189	0.00324335635070098	69
Visa_Finiciomora	0.00157546551312298	0.00349006916129213	0.00198786356978447	70
mprestamos_personales_delta4	0.00155950922830215	0.00304268428533872	0.00177861477296506	71
ccomisiones_otras_avg3	0.00152136434063861	0.0147378344246325	0.00428960033479807	72
ccaja_seguridad_lag4	0.00152110699525524	6.33738147407194e-05	0.000209248796819418	73
ctrx_quarter_normalizado_ratiomax3	0.00152048566038105	0.000799737057527062	0.00282485875706215	74
mtarjeta_visa_consumo_ratioavg6	0.00148058544509946	0.00112096600054943	0.00104624398409709	75
mcaja_ahorro_ratioavg6	0.00147800387030005	0.00167323064715826	0.00251098556183302	76
mcomisiones_mantenimiento_ratioavg3	0.00147575320493607	0.00224728841197621	0.00251098556183302	77
mcuentas_saldo_delta2	0.00147561383264633	0.00257760456833585	0.00355722954593011	78
mcaja_ahorro_dolares_ratioavg6	0.00147169991091389	0.00179778588521083	0.00282485875706215	79
mv_mpagominimo_delta2	0.00142104209428266	0.00502435077326113	0.00282485875706215	80
mplazo_fijo_dolares_ratioavg3	0.00141538157138519	0.00630180494043076	0.00261560996024273	81
Master_fultimo_cierre_avg3	0.00141375845510722	0.000703047612806184	0.00272023435865244	82
Visa_cconsumos_avg3	0.00140553279851523	0.0055935628547505	0.00366185394433982	83
Visa_mfinanciacion_limite	0.00137477400352506	0.00251376362473955	0.00324335635070098	84
mrentabilidad_annual_ratiomax6	0.00136532980638496	0.000411303843148195	0.00188323917137476	85
mautoservicio_ratiomax6	0.00136430529132292	0.00131914074624183	0.00334798074911069	86
cliente_antiguedad_ratioavg6	0.00135404941454803	0.00347523314883882	0.00387110274115924	87
ctarjeta_visa_trx	0.00131850270478319	0.00375506201848708	0.0023017367650136	88
mtransferencias_emitidas_avg3	0.00131797184777094	0.00414236789522781	0.00334798074911069	89
ctransferencias_emitidas_avg3	0.00131483731832825	0.00116878753859162	0.00251098556183302	90
mcuentas_saldo_ratiomax3	0.00130382129340293	0.00550482082895927	0.00292948315547186	91
mv_fechaalta_ratioavg3	0.00129893432037383	0.00158178550238939	0.00303410755388157	92
Master_mfinanciacion_limite	0.00129054948701145	0.00238125473937259	0.00334798074911069	93
cliente_edad_avg6	0.00128810426503219	0.00181378660561072	0.00272023435865244	94
ctrx_quarter_ratioavg3	0.00127065369994731	0.000536351123595313	0.0011508683825068	95
mprestamos_personales_delta1	0.00126736264141338	0.00361747699955612	0.00136011717932622	96
mcuenta_debitos_automaticos	0.00125404784542316	0.00567993186595537	0.00251098556183302	97
ccaja_seguridad	0.00124259438114774	0.00662738752438716	0.00198786356978447	98
ccaja_ahorro_ratioavg3	0.0012400639408136	0.0107736793020019	0.0023017367650136	99
ccallcenter_trx_ratioavg3	0.00123230732841569	0.0019789384554058	0.00209248796819418	100
ccomisiones_mantenimiento_delta3	0.00121777487222405	0.00120811978823168	0.00177861477296506	101
cliente_edad_avg3	0.00121304848744122	0.00480970817831325	0.00272023435865244	102
chomebanking_trx_delta3	0.00121014290788619	0.00381514101769976	0.00292948315547186	103
mpayroll_lag3	0.00120289725772793	0.00229753279168268	0.00198786356978447	104
mv_Finiciomora_lag1	0.00118958726049018	0.00296270559687822	0.00167399037455535	105
mactivos_margen_ratioavg6	0.0011823791678066	0.00083638487334371	0.00219711236660389	106
mcomisiones_mantenimiento_ratiomax3	0.00117902408297351	0.00188606078214648	0.00125549278091651	107
Visa_mpagominimo	0.00117445678334128	0.00165149358441181	0.00282485875706215	108
Master_Fvencimiento_ratioavg3	0.00117105143243919	0.000670049630447823	0.00240636116342331	109
mrentabilidad_tend6	0.00116605341224144	0.000332807510256079	0.00136011717932622	110
Visa_fechaalta_delta3	0.00114713348083621	0.00072120958271124	0.00125549278091651	111
canarito73	0.00113901412311767	0.0024379454972861	0.00334798074911069	112
mcaja_ahorro_ratioavg3	0.0011378574571315	0.00251462937021856	0.00261560996024273	113
ccallcenter_trx_ratiomax3	0.00113425425860472	0.00095020237610262	0.00146474157773593	114
mvr_mpagominimo_lag4	0.00112788493978507	0.00298233746558218	0.0023017367650136	115
mrentabilidad_annual_delta4	0.00112474101732219	0.0029127726364088	0.00292948315547186	116
mcomisiones_tend6	0.00111483023909973	0.00120162358294671	0.0023017367650136	117
ccomisiones_otras_ratioavg3	0.00110099185327276	0.00261247729450128	0.00292948315547186	118
mrentabilidad_annual_tend6	0.0010945656345802	0.00110141510084711	0.0023017367650136	119
mprestamos_personales_lag4	0.00108438724955792	0.000444750269207917	0.000941619585687382	120
mpayroll_avg3	0.00106822144090049	0.00170157602611502	0.00125549278091651	121
ccomisiones_mantenimiento_delta1	0.00106265533153245	0.00371222318823778	0.00198786356978447	122
ctrx_quarter_normalizado_ratioavg3	0.00105760152019404	0.000834597326923013	0.00188323917137476	123
mtransferencias_recibidas_lag3	0.00104737649937095	0.00475549631752669	0.00313873195229127	124
internet_ratioavg6	0.00104621276206317	0.00319438282409302	0.00261560996024273	125
mrentabilidad_annual_ratioavg3	0.00104083396470791	0.000455830565662338	0.0023017367650136	126
mrentabilidad_annual_lag3	0.00102595932055193	0.00102593330616969	0.00282485875706215	127
mv_fechaalta_tend3	0.00102303334961848	0.00110350160973538	0.00104624398409709	128
mv_Finiciomora_ratioavg3	0.00102192505290609	0.00100874296428424	0.000313873195229127	129
mcuenta_corriente_delta2	0.00101262752577116	0.00493339144250207	0.00251098556183302	130
mtransferencias_recibidas_ratioavg3	0.00101219380432557	0.000669669698978615	0.00209248796819418	131
cliente_edad	0.00100959601813467	0.00286218569554157	0.00240636116342331	132
Visa_fechaalta_lag4	0.00100778009531219	0.00223939082012449	0.00251098556183302	133
mcaja_ahorro_dolares_ratioavg3	0.00100675850942778	0.00240030113991088	0.00251098556183302	134
mv_mpagospesos_ratioavg3	0.00100668251280391	0.00153108645059682	0.00261560996024273	135
mpagomiscuentas	0.00100183854530743	0.00766594576642707	0.00167399037455535	136
mcuenta_corriente_ratioavg3	0.000999191657548334	0.000728490564473589	0.00261560996024273	137
ccaja_ahorro_delta4	0.000995198634741758	0.00275754883189104	0.00104624398409709	138
mcuenta_corriente_ratiomax6	0.000981015550037088	0.00258466755663226	0.00292948315547186	139
mactivos_margen_tend6	0.000980186316581711	0.00280966172701985	0.00251098556183302	140
mactivos_margen_delta1	0.00097430447479559	0.00447115186894113	0.00282485875706215	141
Visa_fechaalta	0.000972378278925293	0.00129454485489922	0.0023017367650136	142
ccallcenter_trx_avg3	0.000967387549803856	0.00347712034941537	0.00240636116342331	143
mv_msaldototal	0.00096555845763247	0.000231920134219698	0.000941619585687382	144
ctrx_quarter_delta1	0.000960373274138127	0.0014582268058954	0.00261560996024273	145
mcuenta_debitos_automaticos_delta4	0.000960212938178232	0.00388755844708456	0.00251098556183302	146
ctarjeta_visa_trx_ratiomax6	0.000955667920744432	0.000881409866637141	0.00188323917137476	147
canarito59	0.00094891397275262	0.000703084983114631	0.00292948315547186	148
mrentabilidad_annual_delta1	0.00094708909376374	0.00190015561681559	0.00261560996024273	149
mcuenta_corriente_avg6	0.000931597523106066	0.00122843055087242	0.0023017367650136	150
mcomisiones_ratioavg6	0.000929632295877511	0.000788432539221961	0.00219711236660389	151
mtransferencias_emitidas_tend3	0.000929228276505504	0.002836506065254	0.0023017367650136	152
mactivos_margen_ratiomax6	0.00092837027310832	0.00921395473836546	0.00272023435865244	153
mtransferencias_recibidas_avg3	0.000925579169161032	0.00195259238795094	0.0023017367650136	154
chomebanking_trx_tend3	0.000921355239255635	0.00147360468782118	0.00209248796819418	155
mcuentas_saldo_delta1	0.000919079944102086	0.00182082468036817	0.0023017367650136	156
mpayroll_sobre_edad_delta3	0.000918870076359332	0.00257869453566554	0.00167399037455535	157
thomebanking_ratioavg3	0.000910556829920503	0.000945836278399107	0.00136011717932622	158
mtarjeta_visa_debitos_automaticos_ratioavg3	0.000906432404418073	0.00059745157790553	0.00167399037455535	159
mrentabilidad_annual_avg3	0.000902931175397736	0.000383780610977263	0.00156936597614564	160
Visa_msaldopesos_tend3	0.000902647061101881	0.00497324064807564	0.0023017367650136	161
canarito45	0.000896269512435022	0.0024080181086051	0.00292948315547186	162
Master_mfinanciacion_limite_lag4	0.000896132366904519	0.00109792720539209	0.00209248796819418	163
mcaja_ahorro_delta4	0.00089599610968763	0.00246995939485537	0.00209248796819418	164
numero_de_cliente	0.00089095496445319	0.00143228558344871	0.00272023435865244	165
canarito74	0.00088682537637478	0.0026062675949144	0.00251098556183302	166
Master_fechaalta	0.000881863868654983	0.000675019881471222	0.00177861477296506	167
canarito182	0.000875697986931097	0.00601912347057108	0.00292948315547186	168
mcuenta_corriente_ratiomax3	0.000875544541044956	0.00113720339956949	0.00240636116342331	169
Visa_mfinanciacion_limite_ratioavg3	0.00087362373082491	0.0104235319686266	0.00198786356978447	170
thomebanking	0.00087113549401827	0.00333374916105993	0.00177861477296506	171
mcuenta_corriente_tend6	0.000865315434510374	0.00174685015479809	0.00198786356978447	172
chomebanking_trx_ratioavg3	0.000861414291746869	0.000350122419836344	0.00209248796819418	173
canarito136	0.000860764589261252	0.00286260922570396	0.00303410755388157	174
cpayroll_trx_ratioavg3	0.000859435135654625	0.00109191058573219	0.00104624398409709	175
mcomisiones_ratiomax6	0.000857971322290232	0.00351151971834048	0.00272023435865244	176
mcomisiones_delta3	0.000852396493108289	0.000570719350596718	0.0023017367650136	177
ccajas_consultas_tend3	0.000851269895010942	0.0076985762740857	0.00209248796819418	178
Visa_Fvencimiento_lag2	0.000848925284839062	0.00165215379319437	0.00261560996024273	179
mrentabilidad_annual_ratioavg6	0.000848469314390618	0.00102203433732176	0.00261560996024273	180
mpasivos_margen_ratioavg6	0.000839879653701742	0.00039319792870581	0.00188323917137476	181
mv_status01	0.000833260200905645	0.00145095205251779	0.000941619585687382	182
canarito33	0.000826819315079782	0.000576468149712755	0.00261560996024273	183
mcaja_ahorro_lag2	0.00082620585552404	0.00116086503320093	0.00198786356978447	184
mcuentas_saldo_lag4	0.000816910401120872	0.00341193407471499	0.00240636116342331	185
cliente_edad_lag3	0.000813728716698564	0.00130138362134495	0.00188323917137476	186
mcuenta_corriente_lag4	0.00081243097150613	0.00248594765848578	0.0023017367650136	187
Visa_mpagado_ratioavg3	0.000809300437482967	0.00288202310094198	0.00209248796819418	188
cliente_edad_lag2	0.000802252861343219	0.000976828720870833	0.00177861477296506	189
canarito72	0.000801981597718745	0.00258725856468456	0.00272023435865244	190
internet_tend6	0.00079867714941728	0.00569321701060814	0.00240636116342331	191
canarito76	0.000798129405151607	0.00139394364698248	0.00272023435865244	192
mprestamos_hipotecarios_avg6	0.000791317050871649	0.0149004700069922	0.00240636116342331	193
canarito55	0.000789493619873794	0.000388943941927637	0.00209248796819418	194
mvr_mpagominimo	0.000788000778969925	0.0020087599615462	0.00125549278091651	195
canarito77	0.000784703057419981	0.00324592893621038	0.0023017367650136	196
mrentabilidad_annual_delta2	0.000781636058401455	0.000970519367128096	0.0023017367650136	197
ctarjeta_visa_debitos_automaticos_tend3	0.000781068662354792	0.0069932988995422	0.00209248796819418	198
mtarjeta_visa_consumo_delta3	0.00077895503629547	0.003330379604915	0.00209248796819418	199
canarito131	0.000776615511685834	0.000638073103187002	0.00219711236660389	200
chomebanking_trx_avg3	0.000776044632759336	0.000713561126249166	0.00219711236660389	201
canarito151	0.000773410882481396	0.000970014867964067	0.0023017367650136	202
mrentabilidad_delta4	0.000771780581352964	0.00065388074365992	0.00219711236660389	203
ccaja_ahorro_avg6	0.000771349070732739	0.00250687503121589	0.00177861477296506	204
Visa_mpagospesos_lag3	0.000770612261727879	0.00118985816417077	0.0023017367650136	205
canarito181	0.000769879345900172	0.00045844025886886	0.0023017367650136	206
mrentabilidad_ratioavg6	0.000760340546679767	0.000474160701955403	0.00188323917137476	207
canarito140	0.000755803901170235	0.00162075027732973	0.00251098556183302	208
mrentabilidad_annual_delta3	0.000755712137975591	0.000418136381209185	0.00177861477296506	209
mv_mpagominimo_avg3	0.000752526237715132	0.00181358729729901	0.00156936597614564	210
ctarjeta_visa_trx_ratioavg3	0.000751500694918062	0.00178261353998151	0.00219711236660389	211
canarito51	0.000750991587647205	0.000571840459850116	0.0023017367650136	212
mcuenta_corriente_delta4	0.000747035968287841	0.000188576804806365	0.00136011717932622	213
ctransferencias_recibidas_avg3	0.000745931936543057	0.00244553166990077	0.00240636116342331	214
mcuenta_corriente_delta1	0.000739241142470671	0.000452766200369716	0.00125549278091651	215
cliente_antiguedad_lag3	0.000739109395868648	0.00145368008503439	0.00188323917137476	216
canarito123	0.000738410010228346	0.000688460735742522	0.00251098556183302	217
mv_Fvencimiento_ratioavg3	0.000731216990991919	0.000597034276127876	0.00209248796819418	218
canarito56	0.000728056294140581	0.000493350355342741	0.00209248796819418	219
Visa_msaldopesos	0.000726972486468518	0.000533423782766995	0.00156936597614564	220
canarito177	0.000725808733226867	0.000305147253620842	0.00209248796819418	221
canarito135	0.000723299932424807	0.00172585426983584	0.0023017367650136	222
mrentabilidad_ratiomax6	0.000723251822740424	0.00219048554313735	0.00177861477296506	223
canarito110	0.000717359760700365	0.000442109434077689	0.00219711236660389	224
mv_Finiciomora_delta1	0.000717112072573965	0.00154409131793624	0.000732370788867964	225
mvr_mpagominimo_delta1	0.000716891449464587	0.00321783892102801	0.00156936597614564	226
canarito175	0.000716319356907831	0.00125558630834362	0.00219711236660389	227
canarito143	0.000713819214839815	0.00223573475828146	0.0023017367650136	228
mtarjeta_visa_consumo_delta4	0.000710923339015561	0.000837879685681574	0.00156936597614564	229
mcomisiones_delta1	0.000706405749094475	0.00353995229468362	0.00240636116342331	230
chomebanking_trx_lag3	0.000701708650112709	0.00367863973771375	0.00209248796819418	231
canarito173	0.000701674492528918	0.000435905962875551	0.00219711236660389	232
internet_avg6	0.000697414003671762	0.000266082824524646	0.00125549278091651	233
canarito5	0.000695235500178709	0.00121735648280274	0.00177861477296506	234
canarito57	0.000693845134017948	0.000244432959164573	0.0023017367650136	235
ccallcenter_trx_delta4	0.000691434059663804	0.00288909854600787	0.00188323917137476	236
canarito29	0.000690314785838345	0.000759781969412888	0.0023017367650136	237
canarito15	0.000689370116759168	0.00111697360593038	0.00219711236660389	238
mcaja_ahorro_avg6	0.000684375963182111	0.00118017302589835	0.00177861477296506	239
cmobile_app_trx_avg3	0.000683257516590405	0.000893293624723165	0.00177861477296506	240
mpayroll_ratioavg6	0.000682389800167685	0.00273814741342251	0.00125549278091651	241
mcuentas_saldo_lag3	0.000682228514814316	0.00270209752254101	0.00219711236660389	242
mv_cconsumos_delta3	0.000681552490892578	0.00249338434986666	0.00177861477296506	243
Visa_Fvencimiento	0.00068122924697956	0.0012274277809291	0.00188323917137476	244
canarito160	0.000674948334617901	0.00037489893433645	0.00209248796819418	245
mactivos_margen_delta3	0.000673602169030493	0.00150526356746021	0.00177861477296506	246
canarito34	0.000672017859708696	0.000758754285930606	0.00219711236660389	247
mactivos_margen_ratiomax3	0.00067094637689009	0.000470037511256793	0.00188323917137476	248
canarito125	0.000664727913373823	0.000465222969851921	0.00198786356978447	249
mactivos_margen_lag3	0.000664020494404129	0.00255582390689621	0.00198786356978447	250
canarito65	0.000662378249507453	0.00338053678723509	0.00219711236660389	251
canarito28	0.00066014819992399	0.000606831525325631	0.00198786356978447	252
mv_fultimo_cierre_avg3	0.000659945740105976	0.00116114531051428	0.00188323917137476	253
ctarjeta_debito_avg6	0.000657788226839539	0.000794044313873694	0.00188323917137476	254
mcuenta_debitos_automaticos_ratiomax3	0.000657751509876838	0.00394940630756371	0.00177861477296506	255
Master_Fvencimiento_lag4	0.000652754322224135	0.000399388943138466	0.00156936597614564	256
canarito162	0.000650057676952262	0.00182618731963026	0.00209248796819418	257
canarito180	0.000649742216737904	0.000632934685775592	0.00209248796819418	258
chomebanking_trx_delta4	0.000649104382334618	0.000239842639610381	0.00177861477296506	259
canarito126	0.000648627179995765	0.000245971370195626	0.0023017367650136	260
Visa_mfinanciacion_limite_lag3	0.000648075557158993	0.00155788096175304	0.00188323917137476	261
mpasivos_margen_ratioavg3	0.000647496529382499	0.000908490883491455	0.00209248796819418	262
canarito157	0.000646330116511299	0.000453980735394231	0.00219711236660389	263
canarito152	0.000645603923451644	0.00079249344607316	0.00219711236660389	264
cproductos_avg6	0.000644598352440917	0.000904031360016826	0.00177861477296506	265
canarito6	0.000644294279636949	0.00376441082398347	0.0023017367650136	266
ctarjeta_debito_ratioavg6	0.000643296903286113	0.0137442077501149	0.0023017367650136	267
canarito23	0.000638611509064444	0.000505614044897972	0.00188323917137476	268
mv_msaldopesos_delta4	0.000636895511564838	0.000962322812808805	0.000627746390458255	269
mpayroll_delta4	0.000635583740577633	0.0010588627762959	0.00125549278091651	270
canarito108	0.000634821263425589	0.000785710735090099	0.00219711236660389	271
canarito183	0.00063237423427917	0.000807422884297582	0.00209248796819418	272
mpasivos_margen_lag4	0.000631561569399685	0.000673456556901206	0.00188323917137476	273
mcaja_ahorro_delta2	0.000631205937227076	0.00046866103822901	0.00156936597614564	274
mcuentas_saldo_lag2	0.000627527893962918	0.00138301283176184	0.00167399037455535	275
mcaja_ahorro_ratiomax6	0.000626265054582558	0.000158232114347713	0.00146474157773593	276
mcaja_ahorro_lag3	0.00062427155667366	0.000733840746966196	0.00177861477296506	277
canarito155	0.000624112656090471	0.000352732113042866	0.00209248796819418	278
canarito62	0.000623180165804216	0.000528603012977381	0.00209248796819418	279
canarito171	0.000620749495437649	0.00095421345587589	0.00209248796819418	280
mv_mpagominimo_lag4	0.000616001072775831	0.000307127879968513	0.00146474157773593	281
mrentabilidad_annual_lag1	0.000615013589370555	0.000216224604672119	0.00167399037455535	282
canarito27	0.000610133017776334	0.000458926072878666	0.00188323917137476	283
mv_fechaalta_delta3	0.000604767363213518	0.0011888927645359	0.000836995187277673	284
canarito172	0.000604135920950346	0.00183775965847923	0.00167399037455535	285
canarito61	0.000602728048770626	0.000310329269725439	0.00188323917137476	286
canarito169	0.000602445170678022	0.000470324016954884	0.00177861477296506	287
mv_mpagominimo_delta1	0.000601460358852701	0.00257079071542908	0.00125549278091651	288
canarito70	0.000600933128125173	0.000478557941582622	0.00209248796819418	289
mtarjeta_visa_consumo_ratiomax6	0.000599775643536093	0.00190981584154905	0.0011508683825068	290
mpasivos_margen_tend6	0.000599352615713358	0.00336238727409952	0.00188323917137476	291
canarito132	0.000598531429529514	0.000487987716080651	0.00198786356978447	292
canarito184	0.000598427463641133	0.00075317988158732	0.00188323917137476	293
canarito139	0.000597755690080947	0.000486997402906816	0.00188323917137476	294
canarito49	0.000596783240288128	0.00044697380256049	0.00209248796819418	295
mpayroll_tend6	0.000595643245784131	0.00195794879882829	0.00156936597614564	296
canarito39	0.000593390482459747	0.000357110667515861	0.00167399037455535	297
canarito109	0.000593151065343062	0.000216243289826343	0.00167399037455535	298
canarito170	0.000593142454410648	0.00132129576736226	0.00177861477296506	299
canarito119	0.000593101784518758	0.000409809030810331	0.00177861477296506	300
chomebanking_trx	0.000592350966980827	0.00179706339258086	0.00146474157773593	301
Master_Fvencimiento	0.000590970963151069	0.000767430425874962	0.00146474157773593	302
canarito113	0.000590679900357246	0.00217825299550583	0.00209248796819418	303
canarito46	0.000590037325625708	0.000574443924671897	0.00198786356978447	304
mcomisiones_lag3	0.0005892489453018	0.00128734484213851	0.00188323917137476	305
mcuenta_corriente_lag3	0.000583595301855499	0.000586950521232031	0.00136011717932622	306
ccallcenter_trx	0.000582856315220854	0.0017477594989703	0.0011508683825068	307
canarito80	0.000582049259065889	0.00029948565189118	0.00188323917137476	308
canarito3	0.000581893128321562	0.000419936384399364	0.00198786356978447	309
mpasivos_margen_delta3	0.000576028866912489	0.00100627029554203	0.00136011717932622	310
canarito166	0.000574223315715778	0.000389479583015372	0.00177861477296506	311
mcomisiones_mantenimiento_delta3	0.000572074689568947	0.00151266288853264	0.00146474157773593	312
mpasivos_margen_delta2	0.000569954956851464	0.000726952153442536	0.00188323917137476	313
canarito14	0.000569611349444305	0.000851681786267858	0.00209248796819418	314
mv_fultimo_cierre_ratiomax3	0.000567068647992213	0.00153390790888454	0.00198786356978447	315
canarito93	0.000563590420850397	0.00513689145714811	0.00198786356978447	316
mcuenta_corriente_avg3	0.000563464545881857	0.000909350400585727	0.0011508683825068	317
canarito40	0.000562259434935981	0.000290255185704865	0.00167399037455535	318
cproductos_avg3	0.000559885250161533	0.00175822941372009	0.0011508683825068	319
mcomisiones_otras_ratioavg3	0.000559736601700036	0.000384098258599059	0.00167399037455535	320
canarito174	0.000559319511238024	0.000620484144678128	0.00188323917137476	321
mpasivos_margen_lag1	0.000557052849589881	0.00101540733595722	0.00167399037455535	322
Master_fultimo_cierre_ratioavg3	0.000554314253076884	0.000611359561032412	0.00146474157773593	323
mcaja_ahorro_dolares_tend6	0.00055357504867926	0.00182298592987333	0.00167399037455535	324
mcuentas_saldo_avg6	0.000551695412923859	0.000567997546464856	0.00125549278091651	325
mcomisiones_avg3	0.000551091051611587	0.00210737397715208	0.00146474157773593	326
canarito60	0.000551024220950164	0.000357596481525667	0.00167399037455535	327
mcaja_ahorro_dolares_tend3	0.000551019962621674	0.00124785065449517	0.0011508683825068	328
canarito42	0.00054850115268954	0.000230369266419164	0.00156936597614564	329
cprestamos_personales_ratioavg6	0.000548194445484661	0.00248407291467871	0.0011508683825068	330
mrentabilidad_lag3	0.00054479113943005	0.000546565674570722	0.00146474157773593	331
mvr_mpagominimo_lag1	0.000539963399258942	0.00257310144616803	0.00156936597614564	332
Visa_mpagospesos_delta3	0.0005392400424293	0.000566976091367315	0.00146474157773593	333
canarito137	0.00053696564222848	0.000583375428390638	0.00188323917137476	334
ctarjeta_visa_trx_delta4	0.000535444194705039	0.00050379535655357	0.00136011717932622	335
Visa_mfinanciacion_limite_lag4	0.000535209872445359	0.000488517128783645	0.00146474157773593	336
canarito86	0.000534778227715006	0.000272460690499535	0.00125549278091651	337
canarito167	0.000534443743779954	0.000580896531263679	0.00167399037455535	338
canarito26	0.000534350545208604	0.000306679436267153	0.00167399037455535	339
Visa_mpagominimo_lag4	0.00053304018968076	0.000255264120229351	0.00125549278091651	340
mcomisiones_avg6	0.000532655371957734	0.000281460706450429	0.00136011717932622	341
mactivos_margen_lag2	0.000531260634603525	0.000383955005750014	0.00146474157773593	342
canarito138	0.000529279416402099	0.000383979919288978	0.00177861477296506	343
canarito7	0.000527720055547399	0.000890235487815283	0.00177861477296506	344
ctrx_quarter_lag4	0.000527558420976571	0.000498183581901836	0.00136011717932622	345
canarito179	0.000526127455298541	0.000359651848490231	0.00177861477296506	346
mv_Fvencimiento_lag1	0.000523583513659729	0.000151181582820785	0.00156936597614564	347
canarito67	0.000521896898228351	0.000755739747715913	0.00177861477296506	348
canarito83	0.000521180702348363	0.000228158189836072	0.00136011717932622	349
canarito8	0.000519432465305348	0.000500855558955769	0.00177861477296506	350
canarito48	0.000518358769005734	0.000759022106474474	0.00177861477296506	351
canarito92	0.00051322703968351	0.000477972473416958	0.00177861477296506	352
canarito66	0.000513036644465636	0.000393546718251312	0.00177861477296506	353
canarito22	0.00051282660543371	0.000750501676148645	0.00177861477296506	354
ctrx_quarter_delta3	0.000510721376527293	0.0015962727252972	0.00146474157773593	355
Master_fechaalta_lag4	0.000509297644829184	0.00137334015025891	0.00156936597614564	356
Master_Fvencimiento_lag1	0.000508503504408929	0.000542629335414345	0.00167399037455535	357
canarito87	0.000507755075624647	0.000259281428387362	0.00167399037455535	358
Visa_fechaalta_delta4	0.000506003358357444	0.000526940034251507	0.00136011717932622	359
mrentabilidad_annual_lag4	0.000504577361393229	0.00105959149731061	0.00156936597614564	360
canarito84	0.000502849860962628	0.000886859703285606	0.00177861477296506	361
mcuentas_saldo_tend3	0.000500147993362739	0.00149777082061666	0.00125549278091651	362
canarito44	0.000495224980560693	0.001986150924936	0.00156936597614564	363
Visa_Fvencimiento_lag4	0.000494715846733376	0.000466418819722213	0.00156936597614564	364
canarito104	0.000494635141649008	0.00295310765599218	0.00177861477296506	365
canarito124	0.000494025131777524	0.00326019193726751	0.00188323917137476	366
canarito2	0.000492587480510488	0.00025102259022066	0.00156936597614564	367
canarito121	0.000492307604625776	0.000516856279355662	0.00156936597614564	368
canarito144	0.000489876373917887	0.000359707903952901	0.00146474157773593	369
mrentabilidad_ratioavg3	0.000489042471836701	0.000385138398850823	0.00156936597614564	370
canarito176	0.000488456018873768	0.00626453428614	0.00177861477296506	371
mvr_mconsumospesos_delta3	0.000486891691960899	0.000360143890884778	0.00136011717932622	372
canarito188	0.00048641987261665	0.000415663712466967	0.00156936597614564	373
canarito95	0.000486330734528156	0.00166275450402373	0.00167399037455535	374
canarito37	0.00048630246251999	0.000384702411918946	0.00167399037455535	375
mcomisiones_mantenimiento_lag3	0.000486001823466403	0.0035293266703153	0.00156936597614564	376
canarito68	0.000480160241274852	0.000342318253755743	0.00156936597614564	377
canarito41	0.000477842362836413	0.000859710174199139	0.00167399037455535	378
canarito63	0.000477505195370998	0.000577595487350895	0.00136011717932622	379
canarito24	0.000476234183239827	0.000281678699916367	0.00156936597614564	380
mvr_Visa_mlimitecompra_avg3	0.000475784270320091	0.000581027327343243	0.00136011717932622	381
canarito21	0.000474374502009069	0.00226079777847966	0.00156936597614564	382
canarito53	0.000473904541617076	0.000394250525727056	0.00146474157773593	383
Visa_msaldopesos_delta4	0.000473031367841662	0.000120108171347423	0.0011508683825068	384
ccaja_seguridad_lag3	0.000472651878672494	9.13018919198237e-05	0.000313873195229127	385
canarito165	0.000472148641707297	0.000332676714176516	0.00167399037455535	386
canarito186	0.000471816141539867	0.00022017962898272	0.00136011717932622	387
canarito35	0.000468821419912875	0.000305552098629014	0.00136011717932622	388
canarito101	0.000465891057868628	0.000307078052890584	0.00156936597614564	389
tcallcenter	0.000465116705995137	0.000143807175287319	0.000313873195229127	390
cliente_edad_lag1	0.000464815117548077	0.000601101411363816	0.000941619585687382	391
canarito163	0.000464696691666791	0.000393334953170114	0.00146474157773593	392
canarito78	0.000462573384449685	0.0018569243983276	0.00146474157773593	393
canarito185	0.000462187354424223	0.000611415616495082	0.00156936597614564	394
canarito154	0.000457513890028656	0.000285708464843861	0.00146474157773593	395
mtransferencias_recibidas_lag4	0.000456329260753171	0.0025825374490508	0.00167399037455535	396
canarito81	0.000455275412752358	0.00140892914066957	0.00156936597614564	397
canarito115	0.000454697783173526	0.000312552803078013	0.00125549278091651	398
canarito128	0.000454343431022328	0.000315349347826768	0.00177861477296506	399
canarito43	0.000451647004841257	0.000165002368561291	0.00146474157773593	400
Master_Fvencimiento_lag2	0.0004511541726974	0.000339901640476195	0.00136011717932622	401
canarito13	0.000450544073861773	0.000362871923401381	0.00146474157773593	402
canarito134	0.000447870199427211	0.00108862822697363	0.00125549278091651	403
canarito150	0.000445727831310367	0.000178374710600439	0.00136011717932622	404
mactivos_margen_lag4	0.000445156814290274	0.000416012502012469	0.00136011717932622	405
canarito158	0.000444067431089267	0.000293786679853071	0.00146474157773593	406
canarito168	0.000443272236377518	0.000454242327553357	0.00146474157773593	407
canarito75	0.000442927104629509	0.000507949689175885	0.00177861477296506	408
canarito100	0.000442401622644924	0.000944478490525546	0.00156936597614564	409
canarito64	0.000442340307760409	0.000412611803943827	0.00146474157773593	410
mprestamos_personales_tend6	0.000441630570411688	0.000118432735852067	0.000418497593638837	411
canarito164	0.000440677668829663	0.000218516650256845	0.00136011717932622	412
canarito129	0.00044036660503739	0.000423243656696889	0.00136011717932622	413
canarito85	0.000440221268166554	0.000398143266190245	0.00146474157773593	414
canarito146	0.000437560458182882	0.000112403659422679	0.00125549278091651	415
canarito153	0.000436351497878014	0.000414031875664798	0.00167399037455535	416
mrentabilidad_annual_tend3	0.000435769888813531	0.00103308972023721	0.00125549278091651	417
mpasivos_margen_ratiomax6	0.000434625209749848	0.000379383371350044	0.00146474157773593	418
mprestamos_personales_avg6	0.000430497783367347	0.000663291833003726	0.000523121992048546	419
mv_status07_avg3	0.000428178934290266	9.26534514086429e-05	0.000627746390458255	420
canarito189	0.000427814630105383	0.000724734848474704	0.00146474157773593	421
mtarjeta_visa_debitos_automaticos_ratiomax3	0.000427060834260374	0.000599195525633039	0.0011508683825068	422
canarito141	0.000426802577990398	0.000407479614917158	0.00136011717932622	423
canarito106	0.000423003054851963	0.000255064811917636	0.00136011717932622	424
Visa_mpagominimo_delta4	0.000422739724970153	0.000356518970965456	0.0011508683825068	425
canarito112	0.000422352454757971	0.000200628729280398	0.00146474157773593	426
mcaja_ahorro_ratiomax3	0.000419147383388461	0.000206620435401339	0.00125549278091651	427
mrentabilidad_delta3	0.000419131379137361	0.000307401928897121	0.00136011717932622	428
canarito31	0.000416372901129987	0.000435893506106069	0.00146474157773593	429
mcomisiones_lag1	0.000414989150183611	0.000108728912425429	0.00125549278091651	430
Visa_Fvencimiento_lag3	0.000412905459894724	0.00113091273098097	0.00125549278091651	431
Visa_fultimo_cierre_avg3	0.000412166543634701	0.00105680740933133	0.00125549278091651	432
cprestamos_personales_tend6	0.000411856815632405	0.00156822008042327	0.000836995187277673	433
canarito11	0.000411774069684026	0.00130001960508665	0.00125549278091651	434
canarito79	0.000411185721917615	0.000793259537396315	0.00146474157773593	435
canarito156	0.000410834830073259	0.000363314138718	0.00136011717932622	436
canarito147	0.000407124938973488	0.000247385213531856	0.00136011717932622	437
canarito161	0.000406954588572226	0.000271837852025425	0.00136011717932622	438
canarito18	0.000405829481620152	0.000214057126782216	0.00136011717932622	439
canarito50	0.000405079686505962	0.000399065067131929	0.00125549278091651	440
canarito145	0.000404519558962619	0.000499778048395559	0.00136011717932622	441
canarito19	0.000402999269300869	0.000151748365832225	0.00146474157773593	442
ctarjeta_visa_trx_lag4	0.000402886016618147	0.00102371600120185	0.00104624398409709	443
mcuenta_debitos_automaticos_lag4	0.0004023854220208	0.00450970557048856	0.00146474157773593	444
ccomisiones_mantenimiento_avg3	0.000398361506083377	0.00268736116424356	0.00104624398409709	445
mvr_mpagominimo_delta4	0.000397988511296698	0.000967585797915037	0.0011508683825068	446
mprestamos_personales_avg3	0.000397675463736803	0.00155004565374873	0.000941619585687382	447
canarito114	0.000396405374442645	0.000323844864613632	0.00136011717932622	448
mcaja_ahorro_lag4	0.000395042272472362	0.000306386702184321	0.00125549278091651	449
mcuenta_corriente_delta3	0.000393893364292298	0.000972001722696479	0.00104624398409709	450
canarito105	0.000393309411620149	0.000247279330991257	0.00136011717932622	451
mpayroll_lag4	0.000391218719720373	0.000400379256312301	0.000732370788867964	452
canarito127	0.0003903713960039	0.0020686458808319	0.00146474157773593	453
ccallcenter_trx_delta3	0.000390299644430291	0.000568227996700277	0.000627746390458255	454
Master_mfinanciacion_limite_ratioavg3	0.000388291905619289	0.00619949749267341	0.0011508683825068	455
mactivos_margen_delta4	0.000388216074973301	0.000431982080488656	0.00125549278091651	456
mactivos_margen_delta2	0.000387183056532516	0.000143508212819746	0.00125549278091651	457
canarito98	0.000386406986456012	0.00029813409240236	0.0011508683825068	458
canarito38	0.000382485574473803	0.000517827907375274	0.00156936597614564	459
canarito90	0.00038124957039708	0.000198747757088585	0.000941619585687382	460
canarito20	0.000378140556401925	0.000544553906299345	0.0011508683825068	461
canarito88	0.000375035772850975	0.000221064059615956	0.00125549278091651	462
canarito1	0.000373143231983448	0.000223187938812672	0.00125549278091651	463
canarito36	0.0003714944820817	0.00028779497373213	0.00125549278091651	464
canarito91	0.00036969287983071	0.00020289586132616	0.0011508683825068	465
canarito120	0.000368382598660956	0.00029513823934189	0.00104624398409709	466
canarito97	0.000366429386903088	0.000166528322822861	0.00125549278091651	467
canarito17	0.00036586644835837	0.00174310689556869	0.00125549278091651	468
canarito133	0.000363036698121505	0.000499827875473487	0.0011508683825068	469
canarito96	0.000362998342625173	0.000323352822219085	0.0011508683825068	470
canarito69	0.000362147233285213	0.000226750574884583	0.00125549278091651	471
canarito130	0.00036127044783113	0.000522137949616117	0.00125549278091651	472
canarito25	0.000358551756713324	0.000226109051256249	0.00136011717932622	473
mtransferencias_recibidas_delta4	0.000358143149712715	0.000603754703263526	0.000941619585687382	474
canarito89	0.00035701460901026	0.000149213413242596	0.0011508683825068	475
canarito47	0.000356376910044924	0.000410375813821771	0.00136011717932622	476
canarito9	0.000354740127812234	0.000334152841360157	0.00104624398409709	477
canarito159	0.000353662930043264	0.000480389086696506	0.0011508683825068	478
canarito10	0.000351861335759212	0.000233888303797887	0.00104624398409709	479
canarito94	0.00035076495758643	0.00025644751333016	0.0011508683825068	480
canarito30	0.000350004282290251	0.000138868066187625	0.00125549278091651	481
mpagomiscuentas_lag4	0.000348033944270815	0.000384166770831211	0.000941619585687382	482
canarito122	0.000347625366482312	0.000556356695383735	0.00136011717932622	483
Master_fechaalta_lag3	0.00034439022124877	0.00018143284750832	0.00104624398409709	484
mpasivos_margen_delta4	0.000344176007541207	0.000129949019238366	0.00104624398409709	485
mpagomiscuentas_delta4	0.00034398138719042	0.00234598962496846	0.000941619585687382	486
tcallcenter_avg3	0.000343575170271282	0.000762528687083715	0.000836995187277673	487
canarito149	0.000341766616866678	0.000366216566007353	0.0011508683825068	488
mcomisiones_mantenimiento_lag4	0.00033970254250756	0.000717516150559766	0.000836995187277673	489
canarito142	0.000339655319808968	0.000138027234247576	0.0011508683825068	490
canarito107	0.000337774739971385	0.000496832022413017	0.0011508683825068	491
canarito58	0.000335732702163439	0.00060185504591749	0.0011508683825068	492
canarito103	0.000334027317953391	0.00159526995535388	0.00125549278091651	493
mrentabilidad_lag4	0.000330265169050061	0.000704679449608353	0.00104624398409709	494
canarito99	0.000329854730981479	0.00045403056247216	0.0011508683825068	495
canarito32	0.000325690639421376	0.000391510036440971	0.00125549278091651	496
canarito52	0.000324725503277862	0.000287489782879816	0.0011508683825068	497
canarito187	0.00032265186992068	0.000420440883563393	0.0011508683825068	498
Master_cconsumos_avg3	0.000321823510172863	0.00130056147455913	0.000836995187277673	499
canarito118	0.000316371784792775	0.000102593953455443	0.00104624398409709	500
canarito82	0.000316281127674724	0.000246880714367827	0.00125549278091651	501
Visa_msaldopesos_lag4	0.000314592690470135	0.000215938098974029	0.000941619585687382	502
mtarjeta_visa_consumo_lag4	0.000313431483993074	0.000864867276764772	0.000836995187277673	503
canarito148	0.000307989061341205	0.000352912736200358	0.000941619585687382	504
canarito102	0.000307952324461159	6.83378373793782e-05	0.000941619585687382	505
chomebanking_trx_lag4	0.000306475838353673	0.00250163695964862	0.0011508683825068	506
canarito178	0.000303432207692828	0.000455705997967516	0.00125549278091651	507
mforex_sell_tend3	0.000296683574976644	0.00429052871144916	0.00104624398409709	508
canarito4	0.000295697796496151	0.000156114463535738	0.000941619585687382	509
canarito16	0.000292856491543192	0.000112341375575268	0.00104624398409709	510
mv_msaldototal_delta4	0.000288591550495384	6.67309141161737e-05	0.000418497593638837	511
ctrx_quarter_normalizado_delta4	0.000288551867176012	0.000413764055120931	0.000732370788867964	512
mdescubierto_preacordado_delta3	0.000282960911583249	0.000500282547559588	0.000313873195229127	513
canarito71	0.000281890954433316	0.000187810713483209	0.00104624398409709	514
cproductos_tend6	0.000277770767342029	0.000474914336509077	0.000627746390458255	515
canarito12	0.000272565797956568	0.000144124822909115	0.000941619585687382	516
canarito116	0.000272142376434301	0.000244825347403263	0.000836995187277673	517
mrentabilidad	0.000267727456446309	0.000149045246854586	0.000523121992048546	518
Master_fechaalta_delta4	0.000264688247436186	0.00047956693991068	0.000627746390458255	519
mv_mpagominimo_delta4	0.000263786097906394	0.000252685568946534	0.000627746390458255	520
ctrx_quarter_normalizado_lag4	0.000263527092744224	0.000180317966639663	0.000732370788867964	521
Master_mfinanciacion_limite_delta3	0.000251763637557544	0.00119065539741763	0.000732370788867964	522
cproductos_delta3	0.000251709133077401	0.000573017624566185	0.000523121992048546	523
canarito111	0.000234236955016901	0.00090213793105553	0.000836995187277673	524
canarito54	0.000231624868171857	0.000126429981859643	0.000836995187277673	525
tcallcenter_delta4	0.000219803462804245	0.0018059948962996	0.000523121992048546	526
mrentabilidad_delta2	0.000219257734173947	0.000879229931977755	0.000732370788867964	527
mv_msaldototal_lag4	0.000217153393581144	0.000240216342694847	0.000732370788867964	528
Visa_Fvencimiento_delta4	0.000213487505209094	0.000330509236286612	0.000523121992048546	529
mvr_msaldopesos2_delta2	0.000210437131862851	6.16111818589874e-05	0.000523121992048546	530
canarito117	0.00020044703081981	0.000149817566562483	0.000732370788867964	531
mpayroll_sobre_edad_delta4	0.000192552207977325	0.000163893716077375	0.000523121992048546	532
tpaquete9_lag4	0.000187870641205569	0.000301167315771277	0.000418497593638837	533
mcuenta_corriente_lag1	0.000176101043509506	0.000322518218663777	0.000523121992048546	534
cpayroll_trx_ratiomax3	0.000156577907325877	0.00357205338963926	0.000418497593638837	535
tpaquete9	0.000153105195960968	0.00028994376646781	0.000418497593638837	536
tpaquete9_delta4	0.000142210792986988	0.000214711107180031	0.000313873195229127	537
cproductos_delta4	0.000136335992646447	0.00347667190571401	0.000627746390458255	538
mdescubierto_preacordado_avg6	0.000135214891736485	0.000149369122861124	0.000418497593638837	539
Master_mfinanciacion_limite_delta4	0.000133834463003354	0.00127217872529392	0.000418497593638837	540
Master_Fvencimiento_delta4	0.000118328736424252	0.000171511030615744	0.000418497593638837	541
cproductos_lag4	0.000116375616286175	0.000295051041955515	0.000418497593638837	542
ccallcenter_trx_lag4	0.000116120820986953	0.00195008234890027	0.000523121992048546	543
ccaja_ahorro_lag4	0.000115081971411288	0.000156002352610398	0.000313873195229127	544
thomebanking_lag4	0.000110607530427708	0.000713959742872596	0.000313873195229127	545
mv_msaldopesos_lag4	0.000109799985633865	5.10540697228184e-05	0.000313873195229127	546
thomebanking_delta4	8.66753033992312e-05	8.61323325847085e-05	0.000209248796819418	547
Master_Finiciomora	8.04325513439174e-05	0.000441330885985051	0.000209248796819418	548
mpayroll_sobre_edad_lag4	7.85863939908219e-05	6.23835015668841e-05	0.000313873195229127	549
Visa_mfinanciacion_limite_delta4	6.56303651634094e-05	0.000180816237418951	0.000209248796819418	550
tcallcenter_lag4	4.63900632542243e-05	0.00116924843906246	0.000209248796819418	551
ctarjeta_master_tend6	3.60408378639798e-05	0.000110323378919151	0.000104624398409709	552
cpayroll_trx_delta4	3.22360140559691e-05	9.61662604026249e-06	0.000104624398409709	553
mdescubierto_preacordado_lag4	2.80646526647228e-05	8.83184956288355e-06	0.000104624398409709	554
mv_status01_lag4	2.49830754770419e-05	0.000222097971482979	0.000104624398409709	555
